94 -1 94 112 -1 112 -1 -2
34 -1 34 69 -1 69 -1 -2
73 -1 73 105 -1 105 -1 -2
52 -1 52 61 -1 61 -1 -2
86 -1 86 124 -1 124 -1 -2
37 -1 37 44 -1 37 109 -1 44 -1 44 109 -1 109 -1 -2
13 -1 13 198 -1 198 -1 -2
24 -1 24 149 -1 149 -1 -2
1 -1 1 131 -1 131 -1 -2
36 -1 -2
7 -1 7 14 -1 14 -1 -2
101 -1 -2
24 -1 24 31 -1 24 175 -1 31 -1 31 175 -1 175 -1 -2
105 -1 -2
1 -1 -2
2 -1 -2
24 -1 24 148 -1 148 -1 -2
14 -1 14 66 -1 14 77 -1 14 78 -1 66 -1 66 77 -1 66 78 -1 77 -1 77 78 -1 78 -1 -2
9 -1 9 40 -1 9 63 -1 40 -1 40 63 -1 63 -1 -2
163 -1 -2
112 -1 -2
1 -1 1 7 -1 1 12 -1 1 45 -1 1 53 -1 7 -1 7 12 -1 7 45 -1 7 53 -1 12 -1 12 45 -1 12 53 -1 45 -1 45 53 -1 53 -1 -2
16 -1 16 34 -1 34 -1 -2
90 -1 90 95 -1 95 -1 -2
38 -1 -2
14 -1 14 37 -1 14 40 -1 14 61 -1 14 133 -1 14 187 -1 37 -1 37 40 -1 37 61 -1 37 133 -1 37 187 -1 40 -1 40 61 -1 40 133 -1 40 187 -1 61 -1 61 133 -1 61 187 -1 133 -1 133 187 -1 187 -1 -2
50 -1 -2
25 -1 -2
121 -1 -2
6 -1 6 96 -1 96 -1 -2
18 -1 18 187 -1 187 -1 -2
37 -1 37 38 -1 37 77 -1 38 -1 38 77 -1 77 -1 -2
49 -1 49 105 -1 49 117 -1 49 160 -1 105 -1 105 117 -1 105 160 -1 117 -1 117 160 -1 160 -1 -2
1 -1 -2
9 -1 9 198 -1 198 -1 -2
32 -1 -2
13 -1 -2
168 -1 168 179 -1 179 -1 -2
7 -1 7 86 -1 86 -1 -2
13 -1 13 25 -1 13 140 -1 13 188 -1 25 -1 25 140 -1 25 188 -1 140 -1 140 188 -1 188 -1 -2
34 -1 34 36 -1 34 69 -1 36 -1 36 69 -1 69 -1 -2
1 -1 1 6 -1 1 94 -1 6 -1 6 94 -1 94 -1 -2
14 -1 14 119 -1 119 -1 -2
2 -1 2 46 -1 2 56 -1 2 79 -1 2 96 -1 46 -1 46 56 -1 46 79 -1 46 96 -1 56 -1 56 79 -1 56 96 -1 79 -1 79 96 -1 96 -1 -2
9 -1 9 13 -1 9 35 -1 9 37 -1 9 44 -1 9 88 -1 9 182 -1 13 -1 13 35 -1 13 37 -1 13 44 -1 13 88 -1 13 182 -1 35 -1 35 37 -1 35 44 -1 35 88 -1 35 182 -1 37 -1 37 44 -1 37 88 -1 37 182 -1 44 -1 44 88 -1 44 182 -1 88 -1 88 182 -1 182 -1 -2
6 -1 6 37 -1 6 79 -1 37 -1 37 79 -1 79 -1 -2
37 -1 -2
9 -1 9 73 -1 73 -1 -2
77 -1 77 132 -1 132 -1 -2
17 -1 -2
12 -1 12 33 -1 33 -1 -2
25 -1 25 52 -1 52 -1 -2
45 -1 45 132 -1 45 164 -1 132 -1 132 164 -1 164 -1 -2
188 -1 -2
78 -1 -2
2 -1 2 97 -1 2 120 -1 97 -1 97 120 -1 120 -1 -2
7 -1 7 108 -1 7 186 -1 108 -1 108 186 -1 186 -1 -2
162 -1 -2
32 -1 32 41 -1 41 -1 -2
8 -1 8 61 -1 61 -1 -2
43 -1 -2
140 -1 -2
141 -1 -2
19 -1 19 40 -1 19 66 -1 19 128 -1 40 -1 40 66 -1 40 128 -1 66 -1 66 128 -1 128 -1 -2
29 -1 29 34 -1 29 36 -1 29 88 -1 34 -1 34 36 -1 34 88 -1 36 -1 36 88 -1 88 -1 -2
18 -1 18 25 -1 18 50 -1 18 93 -1 25 -1 25 50 -1 25 93 -1 50 -1 50 93 -1 93 -1 -2
17 -1 17 32 -1 17 71 -1 17 78 -1 32 -1 32 71 -1 32 78 -1 71 -1 71 78 -1 78 -1 -2
42 -1 -2
9 -1 -2
24 -1 24 32 -1 24 51 -1 24 117 -1 24 164 -1 32 -1 32 51 -1 32 117 -1 32 164 -1 51 -1 51 117 -1 51 164 -1 117 -1 117 164 -1 164 -1 -2
1 -1 1 45 -1 1 118 -1 1 191 -1 45 -1 45 118 -1 45 191 -1 118 -1 118 191 -1 191 -1 -2
44 -1 44 47 -1 44 63 -1 47 -1 47 63 -1 63 -1 -2
7 -1 7 24 -1 7 29 -1 24 -1 24 29 -1 29 -1 -2
25 -1 -2
166 -1 166 168 -1 168 -1 -2
61 -1 61 78 -1 78 -1 -2
43 -1 43 117 -1 117 -1 -2
29 -1 29 162 -1 162 -1 -2
8 -1 8 64 -1 64 -1 -2
2 -1 2 75 -1 75 -1 -2
21 -1 21 152 -1 152 -1 -2
64 -1 64 65 -1 65 -1 -2
13 -1 -2
104 -1 -2
9 -1 9 61 -1 9 79 -1 9 128 -1 9 189 -1 9 199 -1 61 -1 61 79 -1 61 128 -1 61 189 -1 61 199 -1 79 -1 79 128 -1 79 189 -1 79 199 -1 128 -1 128 189 -1 128 199 -1 189 -1 189 199 -1 199 -1 -2
13 -1 13 35 -1 13 95 -1 13 133 -1 13 187 -1 35 -1 35 95 -1 35 133 -1 35 187 -1 95 -1 95 133 -1 95 187 -1 133 -1 133 187 -1 187 -1 -2
61 -1 61 177 -1 177 -1 -2
63 -1 63 109 -1 63 172 -1 109 -1 109 172 -1 172 -1 -2
14 -1 14 61 -1 14 187 -1 61 -1 61 187 -1 187 -1 -2
25 -1 -2
46 -1 46 64 -1 64 -1 -2
36 -1 36 78 -1 36 90 -1 78 -1 78 90 -1 90 -1 -2
64 -1 64 112 -1 112 -1 -2
17 -1 17 34 -1 17 43 -1 17 105 -1 34 -1 34 43 -1 34 105 -1 43 -1 43 105 -1 105 -1 -2
1 -1 1 6 -1 6 -1 -2
196 -1 -2
8 -1 -2
1 -1 1 47 -1 1 77 -1 1 164 -1 47 -1 47 77 -1 47 164 -1 77 -1 77 164 -1 164 -1 -2
9 -1 9 36 -1 9 90 -1 36 -1 36 90 -1 90 -1 -2
14 -1 14 38 -1 14 53 -1 14 79 -1 38 -1 38 53 -1 38 79 -1 53 -1 53 79 -1 79 -1 -2
2 -1 2 64 -1 2 105 -1 64 -1 64 105 -1 105 -1 -2
18 -1 18 47 -1 18 91 -1 47 -1 47 91 -1 91 -1 -2
24 -1 24 188 -1 188 -1 -2
6 -1 -2
9 -1 9 25 -1 9 42 -1 9 53 -1 25 -1 25 42 -1 25 53 -1 42 -1 42 53 -1 53 -1 -2
1 -1 1 17 -1 1 26 -1 1 36 -1 17 -1 17 26 -1 17 36 -1 26 -1 26 36 -1 36 -1 -2
9 -1 9 22 -1 22 -1 -2
75 -1 75 107 -1 107 -1 -2
17 -1 -2
36 -1 -2
16 -1 -2
36 -1 -2
29 -1 29 92 -1 92 -1 -2
51 -1 -2
52 -1 52 130 -1 52 187 -1 130 -1 130 187 -1 187 -1 -2
7 -1 7 13 -1 7 17 -1 7 74 -1 7 177 -1 13 -1 13 17 -1 13 74 -1 13 177 -1 17 -1 17 74 -1 17 177 -1 74 -1 74 177 -1 177 -1 -2
7 -1 7 14 -1 7 21 -1 7 53 -1 7 78 -1 14 -1 14 21 -1 14 53 -1 14 78 -1 21 -1 21 53 -1 21 78 -1 53 -1 53 78 -1 78 -1 -2
24 -1 24 52 -1 24 168 -1 52 -1 52 168 -1 168 -1 -2
14 -1 14 19 -1 14 61 -1 19 -1 19 61 -1 61 -1 -2
9 -1 9 70 -1 9 78 -1 70 -1 70 78 -1 78 -1 -2
31 -1 -2
8 -1 8 9 -1 8 34 -1 8 47 -1 8 52 -1 8 187 -1 8 189 -1 9 -1 9 34 -1 9 47 -1 9 52 -1 9 187 -1 9 189 -1 34 -1 34 47 -1 34 52 -1 34 187 -1 34 189 -1 47 -1 47 52 -1 47 187 -1 47 189 -1 52 -1 52 187 -1 52 189 -1 187 -1 187 189 -1 189 -1 -2
1 -1 1 9 -1 1 182 -1 9 -1 9 182 -1 182 -1 -2
2 -1 2 24 -1 2 42 -1 2 143 -1 24 -1 24 42 -1 24 143 -1 42 -1 42 143 -1 143 -1 -2
1 -1 1 31 -1 1 96 -1 31 -1 31 96 -1 96 -1 -2
19 -1 19 35 -1 19 38 -1 19 53 -1 35 -1 35 38 -1 35 53 -1 38 -1 38 53 -1 53 -1 -2
29 -1 29 88 -1 88 -1 -2
36 -1 36 37 -1 36 182 -1 37 -1 37 182 -1 182 -1 -2
187 -1 -2
9 -1 9 25 -1 9 97 -1 9 188 -1 25 -1 25 97 -1 25 188 -1 97 -1 97 188 -1 188 -1 -2
13 -1 13 112 -1 112 -1 -2
9 -1 9 25 -1 25 -1 -2
6 -1 6 118 -1 6 140 -1 118 -1 118 140 -1 140 -1 -2
2 -1 2 9 -1 2 14 -1 2 61 -1 9 -1 9 14 -1 9 61 -1 14 -1 14 61 -1 61 -1 -2
22 -1 -2
34 -1 34 48 -1 34 183 -1 48 -1 48 183 -1 183 -1 -2
51 -1 -2
18 -1 18 36 -1 18 64 -1 18 108 -1 36 -1 36 64 -1 36 108 -1 64 -1 64 108 -1 108 -1 -2
8 -1 8 40 -1 8 61 -1 8 98 -1 8 187 -1 40 -1 40 61 -1 40 98 -1 40 187 -1 61 -1 61 98 -1 61 187 -1 98 -1 98 187 -1 187 -1 -2
29 -1 29 48 -1 29 77 -1 29 162 -1 48 -1 48 77 -1 48 162 -1 77 -1 77 162 -1 162 -1 -2
45 -1 45 73 -1 73 -1 -2
25 -1 25 113 -1 113 -1 -2
19 -1 19 47 -1 47 -1 -2
14 -1 14 37 -1 14 49 -1 37 -1 37 49 -1 49 -1 -2
51 -1 51 69 -1 69 -1 -2
40 -1 40 61 -1 61 -1 -2
96 -1 -2
17 -1 17 56 -1 17 93 -1 56 -1 56 93 -1 93 -1 -2
8 -1 8 14 -1 8 37 -1 8 47 -1 8 187 -1 14 -1 14 37 -1 14 47 -1 14 187 -1 37 -1 37 47 -1 37 187 -1 47 -1 47 187 -1 187 -1 -2
21 -1 21 33 -1 21 112 -1 33 -1 33 112 -1 112 -1 -2
114 -1 -2
8 -1 8 26 -1 8 138 -1 26 -1 26 138 -1 138 -1 -2
108 -1 -2
19 -1 19 36 -1 36 -1 -2
9 -1 9 21 -1 21 -1 -2
94 -1 -2
7 -1 7 14 -1 14 -1 -2
144 -1 144 186 -1 186 -1 -2
16 -1 -2
33 -1 33 165 -1 165 -1 -2
6 -1 6 61 -1 6 105 -1 61 -1 61 105 -1 105 -1 -2
187 -1 -2
9 -1 9 13 -1 13 -1 -2
2 -1 2 7 -1 2 41 -1 2 74 -1 7 -1 7 41 -1 7 74 -1 41 -1 41 74 -1 74 -1 -2
14 -1 14 42 -1 14 43 -1 42 -1 42 43 -1 43 -1 -2
52 -1 52 91 -1 91 -1 -2
19 -1 19 36 -1 36 -1 -2
48 -1 -2
134 -1 -2
7 -1 7 119 -1 119 -1 -2
24 -1 24 29 -1 24 34 -1 24 162 -1 29 -1 29 34 -1 29 162 -1 34 -1 34 162 -1 162 -1 -2
19 -1 -2
1 -1 1 26 -1 1 34 -1 1 124 -1 1 164 -1 1 182 -1 26 -1 26 34 -1 26 124 -1 26 164 -1 26 182 -1 34 -1 34 124 -1 34 164 -1 34 182 -1 124 -1 124 164 -1 124 182 -1 164 -1 164 182 -1 182 -1 -2
38 -1 -2
38 -1 38 63 -1 38 99 -1 63 -1 63 99 -1 99 -1 -2
14 -1 -2
9 -1 9 104 -1 104 -1 -2
34 -1 34 113 -1 113 -1 -2
1 -1 1 7 -1 1 86 -1 7 -1 7 86 -1 86 -1 -2
37 -1 -2
1 -1 1 2 -1 1 38 -1 1 187 -1 2 -1 2 38 -1 2 187 -1 38 -1 38 187 -1 187 -1 -2
43 -1 -2
33 -1 33 34 -1 33 36 -1 33 76 -1 33 92 -1 33 169 -1 33 177 -1 34 -1 34 36 -1 34 76 -1 34 92 -1 34 169 -1 34 177 -1 36 -1 36 76 -1 36 92 -1 36 169 -1 36 177 -1 76 -1 76 92 -1 76 169 -1 76 177 -1 92 -1 92 169 -1 92 177 -1 169 -1 169 177 -1 177 -1 -2
43 -1 43 99 -1 43 189 -1 99 -1 99 189 -1 189 -1 -2
50 -1 -2
48 -1 -2
7 -1 -2
31 -1 31 114 -1 114 -1 -2
9 -1 -2
53 -1 53 137 -1 137 -1 -2
13 -1 13 29 -1 13 38 -1 13 52 -1 29 -1 29 38 -1 29 52 -1 38 -1 38 52 -1 52 -1 -2
8 -1 8 47 -1 8 132 -1 47 -1 47 132 -1 132 -1 -2
2 -1 2 36 -1 2 40 -1 2 44 -1 36 -1 36 40 -1 36 44 -1 40 -1 40 44 -1 44 -1 -2
25 -1 -2
9 -1 9 105 -1 105 -1 -2
6 -1 6 21 -1 6 25 -1 6 32 -1 6 186 -1 21 -1 21 25 -1 21 32 -1 21 186 -1 25 -1 25 32 -1 25 186 -1 32 -1 32 186 -1 186 -1 -2
6 -1 6 8 -1 6 64 -1 8 -1 8 64 -1 64 -1 -2
29 -1 29 88 -1 29 132 -1 88 -1 88 132 -1 132 -1 -2
43 -1 -2
75 -1 -2
13 -1 13 21 -1 13 38 -1 21 -1 21 38 -1 38 -1 -2
38 -1 -2
16 -1 -2
7 -1 7 8 -1 7 164 -1 8 -1 8 164 -1 164 -1 -2
46 -1 -2
1 -1 1 41 -1 41 -1 -2
32 -1 32 34 -1 32 65 -1 32 69 -1 32 90 -1 32 95 -1 34 -1 34 65 -1 34 69 -1 34 90 -1 34 95 -1 65 -1 65 69 -1 65 90 -1 65 95 -1 69 -1 69 90 -1 69 95 -1 90 -1 90 95 -1 95 -1 -2
8 -1 8 47 -1 8 48 -1 47 -1 47 48 -1 48 -1 -2
9 -1 9 188 -1 188 -1 -2
38 -1 38 53 -1 53 -1 -2
29 -1 -2
123 -1 -2
133 -1 -2
46 -1 -2
101 -1 101 145 -1 145 -1 -2
29 -1 29 77 -1 29 95 -1 29 108 -1 29 187 -1 77 -1 77 95 -1 77 108 -1 77 187 -1 95 -1 95 108 -1 95 187 -1 108 -1 108 187 -1 187 -1 -2
8 -1 8 55 -1 8 101 -1 55 -1 55 101 -1 101 -1 -2
6 -1 6 169 -1 169 -1 -2
19 -1 -2
16 -1 -2
1 -1 1 34 -1 1 47 -1 1 69 -1 34 -1 34 47 -1 34 69 -1 47 -1 47 69 -1 69 -1 -2
132 -1 -2
36 -1 36 187 -1 187 -1 -2
43 -1 43 90 -1 90 -1 -2
2 -1 2 109 -1 109 -1 -2
32 -1 32 34 -1 34 -1 -2
9 -1 9 73 -1 73 -1 -2
36 -1 36 40 -1 40 -1 -2
76 -1 76 86 -1 86 -1 -2
80 -1 80 94 -1 94 -1 -2
73 -1 73 95 -1 95 -1 -2
144 -1 -2
123 -1 123 180 -1 123 183 -1 180 -1 180 183 -1 183 -1 -2
6 -1 6 186 -1 186 -1 -2
9 -1 9 42 -1 42 -1 -2
17 -1 17 92 -1 92 -1 -2
9 -1 9 17 -1 9 50 -1 17 -1 17 50 -1 50 -1 -2
1 -1 1 6 -1 1 38 -1 1 168 -1 6 -1 6 38 -1 6 168 -1 38 -1 38 168 -1 168 -1 -2
25 -1 25 33 -1 25 139 -1 33 -1 33 139 -1 139 -1 -2
2 -1 2 41 -1 2 78 -1 2 85 -1 2 96 -1 2 188 -1 41 -1 41 78 -1 41 85 -1 41 96 -1 41 188 -1 78 -1 78 85 -1 78 96 -1 78 188 -1 85 -1 85 96 -1 85 188 -1 96 -1 96 188 -1 188 -1 -2
187 -1 -2
6 -1 6 29 -1 6 152 -1 29 -1 29 152 -1 152 -1 -2
6 -1 6 9 -1 6 13 -1 6 29 -1 6 90 -1 6 119 -1 9 -1 9 13 -1 9 29 -1 9 90 -1 9 119 -1 13 -1 13 29 -1 13 90 -1 13 119 -1 29 -1 29 90 -1 29 119 -1 90 -1 90 119 -1 119 -1 -2
61 -1 -2
13 -1 13 64 -1 13 77 -1 64 -1 64 77 -1 77 -1 -2
26 -1 26 113 -1 113 -1 -2
19 -1 19 64 -1 64 -1 -2
1 -1 1 14 -1 14 -1 -2
17 -1 -2
8 -1 8 52 -1 8 189 -1 52 -1 52 189 -1 189 -1 -2
7 -1 7 14 -1 14 -1 -2
14 -1 14 17 -1 14 105 -1 14 133 -1 17 -1 17 105 -1 17 133 -1 105 -1 105 133 -1 133 -1 -2
8 -1 8 95 -1 8 182 -1 95 -1 95 182 -1 182 -1 -2
9 -1 -2
29 -1 -2
19 -1 -2
21 -1 21 52 -1 52 -1 -2
2 -1 2 24 -1 2 95 -1 24 -1 24 95 -1 95 -1 -2
25 -1 25 48 -1 25 64 -1 48 -1 48 64 -1 64 -1 -2
22 -1 -2
6 -1 6 9 -1 6 35 -1 6 74 -1 9 -1 9 35 -1 9 74 -1 35 -1 35 74 -1 74 -1 -2
7 -1 7 12 -1 7 33 -1 12 -1 12 33 -1 33 -1 -2
14 -1 14 31 -1 14 37 -1 14 90 -1 31 -1 31 37 -1 31 90 -1 37 -1 37 90 -1 90 -1 -2
189 -1 -2
1 -1 1 43 -1 43 -1 -2
6 -1 6 16 -1 6 32 -1 16 -1 16 32 -1 32 -1 -2
9 -1 -2
9 -1 9 53 -1 9 104 -1 53 -1 53 104 -1 104 -1 -2
37 -1 -2
29 -1 -2
43 -1 -2
8 -1 8 113 -1 113 -1 -2
64 -1 64 116 -1 116 -1 -2
14 -1 14 49 -1 14 113 -1 49 -1 49 113 -1 113 -1 -2
133 -1 -2
17 -1 17 36 -1 36 -1 -2
8 -1 8 64 -1 64 -1 -2
85 -1 -2
1 -1 1 104 -1 1 163 -1 104 -1 104 163 -1 163 -1 -2
22 -1 22 25 -1 22 86 -1 22 107 -1 25 -1 25 86 -1 25 107 -1 86 -1 86 107 -1 107 -1 -2
55 -1 -2
1 -1 -2
48 -1 48 117 -1 48 187 -1 117 -1 117 187 -1 187 -1 -2
112 -1 -2
36 -1 -2
36 -1 36 43 -1 36 105 -1 36 187 -1 43 -1 43 105 -1 43 187 -1 105 -1 105 187 -1 187 -1 -2
25 -1 -2
7 -1 7 194 -1 194 -1 -2
6 -1 6 32 -1 32 -1 -2
17 -1 17 175 -1 175 -1 -2
18 -1 -2
1 -1 1 40 -1 1 66 -1 40 -1 40 66 -1 66 -1 -2
2 -1 2 79 -1 2 164 -1 79 -1 79 164 -1 164 -1 -2
2 -1 2 37 -1 2 55 -1 2 93 -1 37 -1 37 55 -1 37 93 -1 55 -1 55 93 -1 93 -1 -2
2 -1 2 24 -1 2 113 -1 2 164 -1 24 -1 24 113 -1 24 164 -1 113 -1 113 164 -1 164 -1 -2
46 -1 -2
13 -1 -2
37 -1 -2
25 -1 25 32 -1 32 -1 -2
8 -1 8 9 -1 8 25 -1 8 40 -1 8 49 -1 8 53 -1 8 66 -1 9 -1 9 25 -1 9 40 -1 9 49 -1 9 53 -1 9 66 -1 25 -1 25 40 -1 25 49 -1 25 53 -1 25 66 -1 40 -1 40 49 -1 40 53 -1 40 66 -1 49 -1 49 53 -1 49 66 -1 53 -1 53 66 -1 66 -1 -2
61 -1 -2
2 -1 -2
51 -1 -2
33 -1 -2
8 -1 8 50 -1 50 -1 -2
32 -1 -2
12 -1 12 16 -1 12 42 -1 12 93 -1 12 112 -1 16 -1 16 42 -1 16 93 -1 16 112 -1 42 -1 42 93 -1 42 112 -1 93 -1 93 112 -1 112 -1 -2
24 -1 24 177 -1 177 -1 -2
33 -1 33 88 -1 88 -1 -2
12 -1 12 36 -1 12 70 -1 12 79 -1 36 -1 36 70 -1 36 79 -1 70 -1 70 79 -1 79 -1 -2
9 -1 9 139 -1 139 -1 -2
73 -1 -2
12 -1 12 34 -1 34 -1 -2
111 -1 -2
9 -1 9 21 -1 9 108 -1 21 -1 21 108 -1 108 -1 -2
43 -1 43 70 -1 43 162 -1 43 182 -1 70 -1 70 162 -1 70 182 -1 162 -1 162 182 -1 182 -1 -2
7 -1 7 113 -1 113 -1 -2
113 -1 -2
32 -1 32 85 -1 85 -1 -2
12 -1 -2
36 -1 36 112 -1 36 189 -1 112 -1 112 189 -1 189 -1 -2
44 -1 44 45 -1 44 48 -1 44 74 -1 45 -1 45 48 -1 45 74 -1 48 -1 48 74 -1 74 -1 -2
52 -1 52 70 -1 70 -1 -2
1 -1 1 14 -1 1 70 -1 1 72 -1 1 79 -1 1 111 -1 14 -1 14 70 -1 14 72 -1 14 79 -1 14 111 -1 70 -1 70 72 -1 70 79 -1 70 111 -1 72 -1 72 79 -1 72 111 -1 79 -1 79 111 -1 111 -1 -2
7 -1 7 49 -1 49 -1 -2
36 -1 36 76 -1 76 -1 -2
7 -1 7 19 -1 7 36 -1 19 -1 19 36 -1 36 -1 -2
16 -1 16 65 -1 16 88 -1 16 113 -1 16 134 -1 65 -1 65 88 -1 65 113 -1 65 134 -1 88 -1 88 113 -1 88 134 -1 113 -1 113 134 -1 134 -1 -2
8 -1 8 34 -1 8 88 -1 8 176 -1 34 -1 34 88 -1 34 176 -1 88 -1 88 176 -1 176 -1 -2
29 -1 29 49 -1 29 112 -1 49 -1 49 112 -1 112 -1 -2
9 -1 9 13 -1 9 38 -1 13 -1 13 38 -1 38 -1 -2
14 -1 14 119 -1 119 -1 -2
98 -1 98 112 -1 98 113 -1 112 -1 112 113 -1 113 -1 -2
21 -1 21 64 -1 21 96 -1 21 112 -1 21 164 -1 64 -1 64 96 -1 64 112 -1 64 164 -1 96 -1 96 112 -1 96 164 -1 112 -1 112 164 -1 164 -1 -2
13 -1 13 61 -1 13 117 -1 61 -1 61 117 -1 117 -1 -2
92 -1 -2
6 -1 6 38 -1 38 -1 -2
2 -1 2 50 -1 2 71 -1 50 -1 50 71 -1 71 -1 -2
96 -1 -2
52 -1 52 168 -1 168 -1 -2
22 -1 22 131 -1 131 -1 -2
6 -1 6 42 -1 6 108 -1 6 187 -1 42 -1 42 108 -1 42 187 -1 108 -1 108 187 -1 187 -1 -2
1 -1 1 17 -1 1 38 -1 1 116 -1 17 -1 17 38 -1 17 116 -1 38 -1 38 116 -1 116 -1 -2
9 -1 9 32 -1 32 -1 -2
21 -1 21 38 -1 21 44 -1 21 112 -1 38 -1 38 44 -1 38 112 -1 44 -1 44 112 -1 112 -1 -2
7 -1 7 44 -1 7 63 -1 7 99 -1 44 -1 44 63 -1 44 99 -1 63 -1 63 99 -1 99 -1 -2
8 -1 8 9 -1 8 29 -1 8 34 -1 8 132 -1 9 -1 9 29 -1 9 34 -1 9 132 -1 29 -1 29 34 -1 29 132 -1 34 -1 34 132 -1 132 -1 -2
19 -1 19 61 -1 61 -1 -2
6 -1 6 8 -1 6 36 -1 6 64 -1 6 132 -1 8 -1 8 36 -1 8 64 -1 8 132 -1 36 -1 36 64 -1 36 132 -1 64 -1 64 132 -1 132 -1 -2
9 -1 9 43 -1 9 73 -1 43 -1 43 73 -1 73 -1 -2
7 -1 7 43 -1 7 64 -1 7 76 -1 43 -1 43 64 -1 43 76 -1 64 -1 64 76 -1 76 -1 -2
163 -1 -2
9 -1 9 196 -1 196 -1 -2
17 -1 17 43 -1 43 -1 -2
49 -1 49 119 -1 49 169 -1 119 -1 119 169 -1 169 -1 -2
2 -1 -2
13 -1 13 51 -1 13 56 -1 51 -1 51 56 -1 56 -1 -2
32 -1 32 33 -1 32 77 -1 33 -1 33 77 -1 77 -1 -2
86 -1 -2
46 -1 -2
6 -1 6 32 -1 6 92 -1 6 144 -1 32 -1 32 92 -1 32 144 -1 92 -1 92 144 -1 144 -1 -2
14 -1 14 160 -1 160 -1 -2
17 -1 -2
16 -1 16 32 -1 16 168 -1 32 -1 32 168 -1 168 -1 -2
1 -1 1 111 -1 111 -1 -2
8 -1 8 36 -1 36 -1 -2
14 -1 -2
8 -1 8 29 -1 8 36 -1 8 47 -1 8 52 -1 8 72 -1 8 129 -1 8 132 -1 29 -1 29 36 -1 29 47 -1 29 52 -1 29 72 -1 29 129 -1 29 132 -1 36 -1 36 47 -1 36 52 -1 36 72 -1 36 129 -1 36 132 -1 47 -1 47 52 -1 47 72 -1 47 129 -1 47 132 -1 52 -1 52 72 -1 52 129 -1 52 132 -1 72 -1 72 129 -1 72 132 -1 129 -1 129 132 -1 132 -1 -2
13 -1 -2
2 -1 2 9 -1 2 29 -1 2 48 -1 2 165 -1 9 -1 9 29 -1 9 48 -1 9 165 -1 29 -1 29 48 -1 29 165 -1 48 -1 48 165 -1 165 -1 -2
26 -1 26 143 -1 143 -1 -2
6 -1 6 19 -1 6 52 -1 6 70 -1 19 -1 19 52 -1 19 70 -1 52 -1 52 70 -1 70 -1 -2
16 -1 16 137 -1 137 -1 -2
18 -1 18 33 -1 18 36 -1 18 113 -1 33 -1 33 36 -1 33 113 -1 36 -1 36 113 -1 113 -1 -2
56 -1 56 59 -1 56 188 -1 59 -1 59 188 -1 188 -1 -2
2 -1 2 19 -1 2 105 -1 2 188 -1 19 -1 19 105 -1 19 188 -1 105 -1 105 188 -1 188 -1 -2
17 -1 17 25 -1 17 34 -1 17 44 -1 17 50 -1 17 69 -1 25 -1 25 34 -1 25 44 -1 25 50 -1 25 69 -1 34 -1 34 44 -1 34 50 -1 34 69 -1 44 -1 44 50 -1 44 69 -1 50 -1 50 69 -1 69 -1 -2
14 -1 14 48 -1 14 61 -1 14 109 -1 48 -1 48 61 -1 48 109 -1 61 -1 61 109 -1 109 -1 -2
19 -1 19 36 -1 36 -1 -2
14 -1 -2
1 -1 1 156 -1 156 -1 -2
2 -1 2 131 -1 131 -1 -2
52 -1 52 88 -1 88 -1 -2
1 -1 -2
61 -1 -2
25 -1 25 37 -1 25 86 -1 37 -1 37 86 -1 86 -1 -2
1 -1 1 19 -1 1 63 -1 19 -1 19 63 -1 63 -1 -2
12 -1 12 37 -1 12 92 -1 37 -1 37 92 -1 92 -1 -2
2 -1 2 32 -1 2 149 -1 32 -1 32 149 -1 149 -1 -2
6 -1 6 29 -1 6 77 -1 6 132 -1 6 162 -1 29 -1 29 77 -1 29 132 -1 29 162 -1 77 -1 77 132 -1 77 162 -1 132 -1 132 162 -1 162 -1 -2
26 -1 -2
17 -1 -2
13 -1 13 14 -1 14 -1 -2
25 -1 25 70 -1 70 -1 -2
130 -1 -2
7 -1 7 38 -1 7 94 -1 38 -1 38 94 -1 94 -1 -2
12 -1 12 46 -1 46 -1 -2
1 -1 1 9 -1 1 14 -1 1 36 -1 1 40 -1 1 164 -1 9 -1 9 14 -1 9 36 -1 9 40 -1 9 164 -1 14 -1 14 36 -1 14 40 -1 14 164 -1 36 -1 36 40 -1 36 164 -1 40 -1 40 164 -1 164 -1 -2
9 -1 9 13 -1 9 75 -1 9 187 -1 13 -1 13 75 -1 13 187 -1 75 -1 75 187 -1 187 -1 -2
1 -1 1 35 -1 1 45 -1 1 73 -1 1 175 -1 1 176 -1 35 -1 35 45 -1 35 73 -1 35 175 -1 35 176 -1 45 -1 45 73 -1 45 175 -1 45 176 -1 73 -1 73 175 -1 73 176 -1 175 -1 175 176 -1 176 -1 -2
29 -1 29 32 -1 29 40 -1 29 42 -1 29 53 -1 29 61 -1 32 -1 32 40 -1 32 42 -1 32 53 -1 32 61 -1 40 -1 40 42 -1 40 53 -1 40 61 -1 42 -1 42 53 -1 42 61 -1 53 -1 53 61 -1 61 -1 -2
163 -1 -2
1 -1 1 9 -1 1 12 -1 1 34 -1 1 36 -1 9 -1 9 12 -1 9 34 -1 9 36 -1 12 -1 12 34 -1 12 36 -1 34 -1 34 36 -1 36 -1 -2
51 -1 51 98 -1 98 -1 -2
17 -1 17 41 -1 17 95 -1 41 -1 41 95 -1 95 -1 -2
133 -1 133 156 -1 133 176 -1 156 -1 156 176 -1 176 -1 -2
12 -1 -2
25 -1 25 29 -1 25 48 -1 25 113 -1 29 -1 29 48 -1 29 113 -1 48 -1 48 113 -1 113 -1 -2
14 -1 14 40 -1 14 105 -1 40 -1 40 105 -1 105 -1 -2
1 -1 1 18 -1 1 29 -1 1 38 -1 18 -1 18 29 -1 18 38 -1 29 -1 29 38 -1 38 -1 -2
19 -1 19 22 -1 19 95 -1 19 131 -1 22 -1 22 95 -1 22 131 -1 95 -1 95 131 -1 131 -1 -2
13 -1 -2
8 -1 8 21 -1 8 26 -1 8 35 -1 8 52 -1 8 63 -1 21 -1 21 26 -1 21 35 -1 21 52 -1 21 63 -1 26 -1 26 35 -1 26 52 -1 26 63 -1 35 -1 35 52 -1 35 63 -1 52 -1 52 63 -1 63 -1 -2
13 -1 13 14 -1 13 47 -1 14 -1 14 47 -1 47 -1 -2
183 -1 -2
6 -1 6 17 -1 6 168 -1 17 -1 17 168 -1 168 -1 -2
187 -1 -2
8 -1 8 40 -1 8 66 -1 8 189 -1 40 -1 40 66 -1 40 189 -1 66 -1 66 189 -1 189 -1 -2
26 -1 26 56 -1 56 -1 -2
13 -1 13 61 -1 61 -1 -2
1 -1 1 7 -1 1 34 -1 1 124 -1 7 -1 7 34 -1 7 124 -1 34 -1 34 124 -1 124 -1 -2
13 -1 -2
13 -1 13 48 -1 48 -1 -2
56 -1 56 69 -1 69 -1 -2
1 -1 1 47 -1 1 163 -1 47 -1 47 163 -1 163 -1 -2
2 -1 2 24 -1 24 -1 -2
77 -1 -2
101 -1 -2
32 -1 -2
13 -1 13 46 -1 46 -1 -2
7 -1 7 183 -1 183 -1 -2
29 -1 29 43 -1 29 162 -1 43 -1 43 162 -1 162 -1 -2
9 -1 9 14 -1 14 -1 -2
1 -1 1 2 -1 1 64 -1 2 -1 2 64 -1 64 -1 -2
61 -1 -2
14 -1 14 19 -1 14 48 -1 14 53 -1 14 55 -1 14 133 -1 19 -1 19 48 -1 19 53 -1 19 55 -1 19 133 -1 48 -1 48 53 -1 48 55 -1 48 133 -1 53 -1 53 55 -1 53 133 -1 55 -1 55 133 -1 133 -1 -2
194 -1 -2
13 -1 13 112 -1 112 -1 -2
52 -1 52 64 -1 52 73 -1 52 77 -1 64 -1 64 73 -1 64 77 -1 73 -1 73 77 -1 77 -1 -2
22 -1 -2
33 -1 33 107 -1 107 -1 -2
34 -1 34 37 -1 34 92 -1 37 -1 37 92 -1 92 -1 -2
48 -1 48 109 -1 109 -1 -2
8 -1 8 25 -1 8 113 -1 8 138 -1 25 -1 25 113 -1 25 138 -1 113 -1 113 138 -1 138 -1 -2
32 -1 -2
14 -1 14 18 -1 14 19 -1 14 109 -1 18 -1 18 19 -1 18 109 -1 19 -1 19 109 -1 109 -1 -2
19 -1 19 37 -1 19 43 -1 19 166 -1 37 -1 37 43 -1 37 166 -1 43 -1 43 166 -1 166 -1 -2
7 -1 7 140 -1 140 -1 -2
8 -1 8 47 -1 8 167 -1 47 -1 47 167 -1 167 -1 -2
94 -1 -2
9 -1 9 25 -1 9 50 -1 25 -1 25 50 -1 50 -1 -2
6 -1 6 40 -1 6 61 -1 40 -1 40 61 -1 61 -1 -2
61 -1 -2
9 -1 9 21 -1 21 -1 -2
33 -1 33 70 -1 70 -1 -2
17 -1 17 22 -1 22 -1 -2
36 -1 -2
160 -1 -2
48 -1 48 64 -1 48 133 -1 48 164 -1 64 -1 64 133 -1 64 164 -1 133 -1 133 164 -1 164 -1 -2
31 -1 -2
22 -1 22 43 -1 22 148 -1 43 -1 43 148 -1 148 -1 -2
1 -1 1 112 -1 112 -1 -2
13 -1 13 47 -1 13 105 -1 13 133 -1 47 -1 47 105 -1 47 133 -1 105 -1 105 133 -1 133 -1 -2
7 -1 7 42 -1 7 86 -1 7 113 -1 42 -1 42 86 -1 42 113 -1 86 -1 86 113 -1 113 -1 -2
61 -1 61 187 -1 187 -1 -2
9 -1 -2
2 -1 2 187 -1 187 -1 -2
86 -1 86 124 -1 86 175 -1 124 -1 124 175 -1 175 -1 -2
34 -1 34 56 -1 34 69 -1 34 85 -1 56 -1 56 69 -1 56 85 -1 69 -1 69 85 -1 85 -1 -2
2 -1 2 40 -1 2 61 -1 2 105 -1 40 -1 40 61 -1 40 105 -1 61 -1 61 105 -1 105 -1 -2
17 -1 17 25 -1 17 186 -1 25 -1 25 186 -1 186 -1 -2
16 -1 16 65 -1 65 -1 -2
44 -1 44 49 -1 44 88 -1 49 -1 49 88 -1 88 -1 -2
17 -1 -2
9 -1 9 21 -1 9 70 -1 21 -1 21 70 -1 70 -1 -2
32 -1 -2
33 -1 33 78 -1 33 152 -1 78 -1 78 152 -1 152 -1 -2
17 -1 17 61 -1 61 -1 -2
77 -1 77 120 -1 77 132 -1 77 164 -1 120 -1 120 132 -1 120 164 -1 132 -1 132 164 -1 164 -1 -2
1 -1 1 2 -1 1 34 -1 1 64 -1 2 -1 2 34 -1 2 64 -1 34 -1 34 64 -1 64 -1 -2
7 -1 7 33 -1 33 -1 -2
64 -1 64 96 -1 64 164 -1 64 180 -1 96 -1 96 164 -1 96 180 -1 164 -1 164 180 -1 180 -1 -2
13 -1 13 14 -1 14 -1 -2
7 -1 -2
70 -1 -2
8 -1 8 61 -1 8 64 -1 8 86 -1 61 -1 61 64 -1 61 86 -1 64 -1 64 86 -1 86 -1 -2
8 -1 8 44 -1 8 89 -1 44 -1 44 89 -1 89 -1 -2
8 -1 -2
7 -1 7 40 -1 7 53 -1 7 121 -1 7 169 -1 40 -1 40 53 -1 40 121 -1 40 169 -1 53 -1 53 121 -1 53 169 -1 121 -1 121 169 -1 169 -1 -2
14 -1 -2
52 -1 52 88 -1 52 139 -1 88 -1 88 139 -1 139 -1 -2
1 -1 1 47 -1 47 -1 -2
77 -1 -2
1 -1 1 32 -1 32 -1 -2
17 -1 17 31 -1 17 38 -1 31 -1 31 38 -1 38 -1 -2
1 -1 1 16 -1 1 175 -1 16 -1 16 175 -1 175 -1 -2
19 -1 -2
12 -1 12 43 -1 12 88 -1 43 -1 43 88 -1 88 -1 -2
37 -1 -2
8 -1 8 21 -1 8 38 -1 8 50 -1 21 -1 21 38 -1 21 50 -1 38 -1 38 50 -1 50 -1 -2
17 -1 17 43 -1 43 -1 -2
38 -1 38 73 -1 38 78 -1 38 91 -1 73 -1 73 78 -1 73 91 -1 78 -1 78 91 -1 91 -1 -2
1 -1 1 7 -1 1 36 -1 1 166 -1 7 -1 7 36 -1 7 166 -1 36 -1 36 166 -1 166 -1 -2
163 -1 -2
22 -1 22 35 -1 22 48 -1 22 77 -1 22 130 -1 35 -1 35 48 -1 35 77 -1 35 130 -1 48 -1 48 77 -1 48 130 -1 77 -1 77 130 -1 130 -1 -2
8 -1 8 19 -1 8 29 -1 8 114 -1 19 -1 19 29 -1 19 114 -1 29 -1 29 114 -1 114 -1 -2
36 -1 -2
1 -1 1 6 -1 1 21 -1 1 105 -1 6 -1 6 21 -1 6 105 -1 21 -1 21 105 -1 105 -1 -2
36 -1 36 61 -1 61 -1 -2
13 -1 13 53 -1 13 63 -1 13 105 -1 53 -1 53 63 -1 53 105 -1 63 -1 63 105 -1 105 -1 -2
33 -1 -2
9 -1 9 45 -1 9 64 -1 45 -1 45 64 -1 64 -1 -2
37 -1 -2
8 -1 8 44 -1 8 47 -1 8 169 -1 44 -1 44 47 -1 44 169 -1 47 -1 47 169 -1 169 -1 -2
140 -1 -2
9 -1 9 12 -1 9 19 -1 9 24 -1 9 140 -1 9 187 -1 12 -1 12 19 -1 12 24 -1 12 140 -1 12 187 -1 19 -1 19 24 -1 19 140 -1 19 187 -1 24 -1 24 140 -1 24 187 -1 140 -1 140 187 -1 187 -1 -2
6 -1 6 187 -1 187 -1 -2
17 -1 -2
8 -1 8 36 -1 8 90 -1 8 169 -1 36 -1 36 90 -1 36 169 -1 90 -1 90 169 -1 169 -1 -2
1 -1 1 52 -1 1 100 -1 1 169 -1 52 -1 52 100 -1 52 169 -1 100 -1 100 169 -1 169 -1 -2
140 -1 -2
66 -1 -2
8 -1 8 55 -1 8 63 -1 8 132 -1 8 133 -1 8 189 -1 55 -1 55 63 -1 55 132 -1 55 133 -1 55 189 -1 63 -1 63 132 -1 63 133 -1 63 189 -1 132 -1 132 133 -1 132 189 -1 133 -1 133 189 -1 189 -1 -2
117 -1 -2
17 -1 17 42 -1 17 49 -1 17 112 -1 42 -1 42 49 -1 42 112 -1 49 -1 49 112 -1 112 -1 -2
6 -1 6 25 -1 6 33 -1 6 34 -1 25 -1 25 33 -1 25 34 -1 33 -1 33 34 -1 34 -1 -2
38 -1 38 73 -1 73 -1 -2
17 -1 -2
37 -1 -2
43 -1 43 61 -1 43 187 -1 61 -1 61 187 -1 187 -1 -2
14 -1 14 44 -1 44 -1 -2
14 -1 14 131 -1 14 160 -1 14 187 -1 131 -1 131 160 -1 131 187 -1 160 -1 160 187 -1 187 -1 -2
24 -1 24 56 -1 24 112 -1 24 113 -1 56 -1 56 112 -1 56 113 -1 112 -1 112 113 -1 113 -1 -2
33 -1 33 70 -1 33 88 -1 70 -1 70 88 -1 88 -1 -2
8 -1 8 164 -1 164 -1 -2
32 -1 32 143 -1 143 -1 -2
13 -1 13 25 -1 25 -1 -2
8 -1 -2
61 -1 61 133 -1 61 156 -1 61 187 -1 133 -1 133 156 -1 133 187 -1 156 -1 156 187 -1 187 -1 -2
44 -1 44 187 -1 187 -1 -2
88 -1 88 181 -1 181 -1 -2
6 -1 6 21 -1 6 76 -1 6 108 -1 21 -1 21 76 -1 21 108 -1 76 -1 76 108 -1 108 -1 -2
19 -1 19 37 -1 37 -1 -2
18 -1 18 19 -1 19 -1 -2
1 -1 1 36 -1 1 169 -1 36 -1 36 169 -1 169 -1 -2
61 -1 -2
78 -1 78 91 -1 91 -1 -2
36 -1 -2
45 -1 45 118 -1 118 -1 -2
9 -1 9 18 -1 9 64 -1 9 96 -1 9 112 -1 18 -1 18 64 -1 18 96 -1 18 112 -1 64 -1 64 96 -1 64 112 -1 96 -1 96 112 -1 112 -1 -2
43 -1 43 75 -1 75 -1 -2
90 -1 -2
2 -1 2 13 -1 13 -1 -2
37 -1 -2
107 -1 -2
29 -1 -2
36 -1 36 105 -1 36 109 -1 105 -1 105 109 -1 109 -1 -2
1 -1 1 2 -1 1 113 -1 2 -1 2 113 -1 113 -1 -2
18 -1 18 24 -1 18 38 -1 18 52 -1 18 130 -1 24 -1 24 38 -1 24 52 -1 24 130 -1 38 -1 38 52 -1 38 130 -1 52 -1 52 130 -1 130 -1 -2
13 -1 -2
26 -1 -2
21 -1 21 41 -1 21 42 -1 21 78 -1 21 85 -1 21 114 -1 21 149 -1 21 171 -1 41 -1 41 42 -1 41 78 -1 41 85 -1 41 114 -1 41 149 -1 41 171 -1 42 -1 42 78 -1 42 85 -1 42 114 -1 42 149 -1 42 171 -1 78 -1 78 85 -1 78 114 -1 78 149 -1 78 171 -1 85 -1 85 114 -1 85 149 -1 85 171 -1 114 -1 114 149 -1 114 171 -1 149 -1 149 171 -1 171 -1 -2
1 -1 1 14 -1 1 168 -1 14 -1 14 168 -1 168 -1 -2
49 -1 49 169 -1 169 -1 -2
25 -1 25 29 -1 25 44 -1 25 88 -1 25 137 -1 29 -1 29 44 -1 29 88 -1 29 137 -1 44 -1 44 88 -1 44 137 -1 88 -1 88 137 -1 137 -1 -2
17 -1 17 53 -1 17 76 -1 17 105 -1 17 187 -1 53 -1 53 76 -1 53 105 -1 53 187 -1 76 -1 76 105 -1 76 187 -1 105 -1 105 187 -1 187 -1 -2
37 -1 -2
1 -1 1 37 -1 37 -1 -2
14 -1 14 32 -1 14 44 -1 14 47 -1 32 -1 32 44 -1 32 47 -1 44 -1 44 47 -1 47 -1 -2
114 -1 -2
9 -1 9 14 -1 9 17 -1 9 19 -1 9 133 -1 9 176 -1 9 187 -1 14 -1 14 17 -1 14 19 -1 14 133 -1 14 176 -1 14 187 -1 17 -1 17 19 -1 17 133 -1 17 176 -1 17 187 -1 19 -1 19 133 -1 19 176 -1 19 187 -1 133 -1 133 176 -1 133 187 -1 176 -1 176 187 -1 187 -1 -2
33 -1 -2
9 -1 9 13 -1 9 37 -1 9 56 -1 9 188 -1 13 -1 13 37 -1 13 56 -1 13 188 -1 37 -1 37 56 -1 37 188 -1 56 -1 56 188 -1 188 -1 -2
41 -1 41 134 -1 134 -1 -2
24 -1 -2
6 -1 6 17 -1 6 141 -1 17 -1 17 141 -1 141 -1 -2
8 -1 8 38 -1 8 47 -1 8 52 -1 38 -1 38 47 -1 38 52 -1 47 -1 47 52 -1 52 -1 -2
8 -1 -2
9 -1 9 104 -1 104 -1 -2
7 -1 7 31 -1 7 165 -1 31 -1 31 165 -1 165 -1 -2
48 -1 -2
1 -1 1 9 -1 1 41 -1 1 86 -1 9 -1 9 41 -1 9 86 -1 41 -1 41 86 -1 86 -1 -2
86 -1 86 104 -1 86 124 -1 104 -1 104 124 -1 124 -1 -2
1 -1 -2
6 -1 6 25 -1 25 -1 -2
63 -1 63 64 -1 63 154 -1 64 -1 64 154 -1 154 -1 -2
56 -1 56 79 -1 56 112 -1 79 -1 79 112 -1 112 -1 -2
13 -1 13 75 -1 13 131 -1 75 -1 75 131 -1 131 -1 -2
37 -1 37 49 -1 49 -1 -2
179 -1 -2
70 -1 70 182 -1 182 -1 -2
51 -1 51 143 -1 143 -1 -2
175 -1 -2
16 -1 16 29 -1 16 42 -1 16 97 -1 29 -1 29 42 -1 29 97 -1 42 -1 42 97 -1 97 -1 -2
44 -1 -2
51 -1 51 143 -1 143 -1 -2
16 -1 16 18 -1 16 25 -1 18 -1 18 25 -1 25 -1 -2
1 -1 1 47 -1 1 132 -1 47 -1 47 132 -1 132 -1 -2
46 -1 46 86 -1 46 117 -1 86 -1 86 117 -1 117 -1 -2
16 -1 16 32 -1 32 -1 -2
61 -1 61 117 -1 117 -1 -2
7 -1 7 33 -1 7 37 -1 7 56 -1 7 80 -1 7 188 -1 33 -1 33 37 -1 33 56 -1 33 80 -1 33 188 -1 37 -1 37 56 -1 37 80 -1 37 188 -1 56 -1 56 80 -1 56 188 -1 80 -1 80 188 -1 188 -1 -2
48 -1 48 73 -1 73 -1 -2
26 -1 26 36 -1 36 -1 -2
36 -1 36 98 -1 36 140 -1 98 -1 98 140 -1 140 -1 -2
1 -1 1 79 -1 79 -1 -2
17 -1 17 56 -1 17 86 -1 17 188 -1 56 -1 56 86 -1 56 188 -1 86 -1 86 188 -1 188 -1 -2
79 -1 79 89 -1 79 196 -1 89 -1 89 196 -1 196 -1 -2
21 -1 21 49 -1 49 -1 -2
86 -1 86 104 -1 86 124 -1 104 -1 104 124 -1 124 -1 -2
25 -1 25 48 -1 25 61 -1 25 137 -1 48 -1 48 61 -1 48 137 -1 61 -1 61 137 -1 137 -1 -2
9 -1 9 164 -1 164 -1 -2
8 -1 8 64 -1 8 169 -1 64 -1 64 169 -1 169 -1 -2
8 -1 8 44 -1 8 47 -1 8 133 -1 8 176 -1 44 -1 44 47 -1 44 133 -1 44 176 -1 47 -1 47 133 -1 47 176 -1 133 -1 133 176 -1 176 -1 -2
105 -1 105 144 -1 144 -1 -2
2 -1 -2
2 -1 2 183 -1 2 188 -1 183 -1 183 188 -1 188 -1 -2
53 -1 -2
53 -1 53 80 -1 80 -1 -2
1 -1 1 9 -1 1 12 -1 1 77 -1 9 -1 9 12 -1 9 77 -1 12 -1 12 77 -1 77 -1 -2
9 -1 9 131 -1 131 -1 -2
73 -1 -2
37 -1 37 56 -1 37 188 -1 56 -1 56 188 -1 188 -1 -2
7 -1 7 13 -1 7 16 -1 7 25 -1 7 86 -1 13 -1 13 16 -1 13 25 -1 13 86 -1 16 -1 16 25 -1 16 86 -1 25 -1 25 86 -1 86 -1 -2
2 -1 -2
6 -1 6 16 -1 6 32 -1 6 112 -1 16 -1 16 32 -1 16 112 -1 32 -1 32 112 -1 112 -1 -2
50 -1 -2
9 -1 9 113 -1 113 -1 -2
7 -1 7 24 -1 7 34 -1 7 85 -1 7 186 -1 24 -1 24 34 -1 24 85 -1 24 186 -1 34 -1 34 85 -1 34 186 -1 85 -1 85 186 -1 186 -1 -2
16 -1 16 33 -1 16 41 -1 16 79 -1 33 -1 33 41 -1 33 79 -1 41 -1 41 79 -1 79 -1 -2
7 -1 7 9 -1 7 14 -1 9 -1 9 14 -1 14 -1 -2
14 -1 14 98 -1 14 112 -1 98 -1 98 112 -1 112 -1 -2
6 -1 6 8 -1 6 36 -1 6 64 -1 6 112 -1 6 189 -1 8 -1 8 36 -1 8 64 -1 8 112 -1 8 189 -1 36 -1 36 64 -1 36 112 -1 36 189 -1 64 -1 64 112 -1 64 189 -1 112 -1 112 189 -1 189 -1 -2
6 -1 6 41 -1 6 63 -1 6 77 -1 6 154 -1 41 -1 41 63 -1 41 77 -1 41 154 -1 63 -1 63 77 -1 63 154 -1 77 -1 77 154 -1 154 -1 -2
13 -1 -2
21 -1 -2
63 -1 -2
6 -1 6 18 -1 6 33 -1 6 97 -1 6 118 -1 6 162 -1 18 -1 18 33 -1 18 97 -1 18 118 -1 18 162 -1 33 -1 33 97 -1 33 118 -1 33 162 -1 97 -1 97 118 -1 97 162 -1 118 -1 118 162 -1 162 -1 -2
1 -1 1 14 -1 1 34 -1 1 38 -1 1 69 -1 1 88 -1 1 145 -1 14 -1 14 34 -1 14 38 -1 14 69 -1 14 88 -1 14 145 -1 34 -1 34 38 -1 34 69 -1 34 88 -1 34 145 -1 38 -1 38 69 -1 38 88 -1 38 145 -1 69 -1 69 88 -1 69 145 -1 88 -1 88 145 -1 145 -1 -2
36 -1 -2
8 -1 8 18 -1 8 47 -1 8 61 -1 8 189 -1 18 -1 18 47 -1 18 61 -1 18 189 -1 47 -1 47 61 -1 47 189 -1 61 -1 61 189 -1 189 -1 -2
141 -1 -2
14 -1 -2
1 -1 1 38 -1 38 -1 -2
109 -1 -2
53 -1 -2
91 -1 91 151 -1 151 -1 -2
50 -1 -2
6 -1 -2
9 -1 9 121 -1 121 -1 -2
9 -1 9 52 -1 9 187 -1 52 -1 52 187 -1 187 -1 -2
9 -1 -2
1 -1 1 9 -1 1 12 -1 1 36 -1 9 -1 9 12 -1 9 36 -1 12 -1 12 36 -1 36 -1 -2
1 -1 1 2 -1 2 -1 -2
9 -1 9 25 -1 9 117 -1 25 -1 25 117 -1 117 -1 -2
25 -1 25 37 -1 25 75 -1 37 -1 37 75 -1 75 -1 -2
6 -1 6 36 -1 6 113 -1 36 -1 36 113 -1 113 -1 -2
17 -1 17 42 -1 17 143 -1 17 194 -1 42 -1 42 143 -1 42 194 -1 143 -1 143 194 -1 194 -1 -2
9 -1 9 36 -1 9 50 -1 9 64 -1 9 163 -1 36 -1 36 50 -1 36 64 -1 36 163 -1 50 -1 50 64 -1 50 163 -1 64 -1 64 163 -1 163 -1 -2
9 -1 9 16 -1 9 25 -1 9 38 -1 16 -1 16 25 -1 16 38 -1 25 -1 25 38 -1 38 -1 -2
7 -1 7 14 -1 7 19 -1 14 -1 14 19 -1 19 -1 -2
36 -1 -2
36 -1 -2
104 -1 -2
1 -1 1 36 -1 1 182 -1 36 -1 36 182 -1 182 -1 -2
71 -1 -2
80 -1 80 188 -1 188 -1 -2
21 -1 21 32 -1 21 76 -1 32 -1 32 76 -1 76 -1 -2
38 -1 -2
35 -1 35 109 -1 109 -1 -2
113 -1 -2
1 -1 1 105 -1 1 119 -1 105 -1 105 119 -1 119 -1 -2
117 -1 -2
32 -1 -2
6 -1 6 48 -1 6 77 -1 6 95 -1 48 -1 48 77 -1 48 95 -1 77 -1 77 95 -1 95 -1 -2
16 -1 16 32 -1 16 116 -1 16 140 -1 16 177 -1 32 -1 32 116 -1 32 140 -1 32 177 -1 116 -1 116 140 -1 116 177 -1 140 -1 140 177 -1 177 -1 -2
118 -1 118 154 -1 118 196 -1 154 -1 154 196 -1 196 -1 -2
99 -1 -2
35 -1 35 176 -1 176 -1 -2
8 -1 8 17 -1 8 36 -1 8 52 -1 8 55 -1 8 189 -1 17 -1 17 36 -1 17 52 -1 17 55 -1 17 189 -1 36 -1 36 52 -1 36 55 -1 36 189 -1 52 -1 52 55 -1 52 189 -1 55 -1 55 189 -1 189 -1 -2
6 -1 6 26 -1 26 -1 -2
1 -1 1 7 -1 1 40 -1 1 47 -1 1 112 -1 7 -1 7 40 -1 7 47 -1 7 112 -1 40 -1 40 47 -1 40 112 -1 47 -1 47 112 -1 112 -1 -2
49 -1 49 105 -1 105 -1 -2
61 -1 -2
48 -1 -2
40 -1 -2
12 -1 12 14 -1 12 48 -1 12 92 -1 12 133 -1 12 187 -1 14 -1 14 48 -1 14 92 -1 14 133 -1 14 187 -1 48 -1 48 92 -1 48 133 -1 48 187 -1 92 -1 92 133 -1 92 187 -1 133 -1 133 187 -1 187 -1 -2
1 -1 1 55 -1 1 86 -1 1 123 -1 1 124 -1 1 176 -1 1 189 -1 55 -1 55 86 -1 55 123 -1 55 124 -1 55 176 -1 55 189 -1 86 -1 86 123 -1 86 124 -1 86 176 -1 86 189 -1 123 -1 123 124 -1 123 176 -1 123 189 -1 124 -1 124 176 -1 124 189 -1 176 -1 176 189 -1 189 -1 -2
17 -1 17 43 -1 17 133 -1 17 176 -1 43 -1 43 133 -1 43 176 -1 133 -1 133 176 -1 176 -1 -2
13 -1 13 98 -1 13 124 -1 98 -1 98 124 -1 124 -1 -2
16 -1 16 29 -1 29 -1 -2
1 -1 1 18 -1 1 95 -1 18 -1 18 95 -1 95 -1 -2
61 -1 61 95 -1 61 128 -1 95 -1 95 128 -1 128 -1 -2
2 -1 -2
70 -1 -2
6 -1 6 8 -1 6 29 -1 8 -1 8 29 -1 29 -1 -2
26 -1 26 42 -1 42 -1 -2
9 -1 9 40 -1 9 61 -1 9 105 -1 9 187 -1 40 -1 40 61 -1 40 105 -1 40 187 -1 61 -1 61 105 -1 61 187 -1 105 -1 105 187 -1 187 -1 -2
8 -1 8 47 -1 8 64 -1 8 86 -1 8 124 -1 47 -1 47 64 -1 47 86 -1 47 124 -1 64 -1 64 86 -1 64 124 -1 86 -1 86 124 -1 124 -1 -2
133 -1 -2
7 -1 7 13 -1 7 36 -1 13 -1 13 36 -1 36 -1 -2
53 -1 53 121 -1 121 -1 -2
13 -1 13 156 -1 156 -1 -2
9 -1 9 16 -1 16 -1 -2
9 -1 -2
37 -1 -2
9 -1 9 13 -1 9 34 -1 9 69 -1 9 89 -1 9 95 -1 13 -1 13 34 -1 13 69 -1 13 89 -1 13 95 -1 34 -1 34 69 -1 34 89 -1 34 95 -1 69 -1 69 89 -1 69 95 -1 89 -1 89 95 -1 95 -1 -2
1 -1 1 47 -1 1 48 -1 1 64 -1 1 133 -1 47 -1 47 48 -1 47 64 -1 47 133 -1 48 -1 48 64 -1 48 133 -1 64 -1 64 133 -1 133 -1 -2
2 -1 2 7 -1 2 183 -1 2 188 -1 7 -1 7 183 -1 7 188 -1 183 -1 183 188 -1 188 -1 -2
55 -1 55 120 -1 120 -1 -2
17 -1 17 21 -1 21 -1 -2
95 -1 95 99 -1 99 -1 -2
16 -1 -2
113 -1 -2
16 -1 16 26 -1 16 113 -1 26 -1 26 113 -1 113 -1 -2
112 -1 112 113 -1 113 -1 -2
44 -1 44 48 -1 44 101 -1 48 -1 48 101 -1 101 -1 -2
61 -1 -2
71 -1 71 80 -1 80 -1 -2
88 -1 -2
17 -1 17 18 -1 17 47 -1 18 -1 18 47 -1 47 -1 -2
1 -1 1 9 -1 1 13 -1 1 36 -1 1 38 -1 1 41 -1 1 86 -1 9 -1 9 13 -1 9 36 -1 9 38 -1 9 41 -1 9 86 -1 13 -1 13 36 -1 13 38 -1 13 41 -1 13 86 -1 36 -1 36 38 -1 36 41 -1 36 86 -1 38 -1 38 41 -1 38 86 -1 41 -1 41 86 -1 86 -1 -2
46 -1 46 86 -1 46 124 -1 86 -1 86 124 -1 124 -1 -2
63 -1 -2
13 -1 13 14 -1 14 -1 -2
61 -1 61 183 -1 183 -1 -2
32 -1 32 51 -1 32 86 -1 51 -1 51 86 -1 86 -1 -2
13 -1 -2
56 -1 56 180 -1 56 188 -1 180 -1 180 188 -1 188 -1 -2
14 -1 14 44 -1 14 72 -1 44 -1 44 72 -1 72 -1 -2
17 -1 17 24 -1 17 38 -1 17 137 -1 24 -1 24 38 -1 24 137 -1 38 -1 38 137 -1 137 -1 -2
6 -1 6 19 -1 6 55 -1 19 -1 19 55 -1 55 -1 -2
7 -1 -2
9 -1 9 53 -1 9 64 -1 53 -1 53 64 -1 64 -1 -2
29 -1 29 36 -1 29 38 -1 36 -1 36 38 -1 38 -1 -2
13 -1 13 61 -1 13 128 -1 61 -1 61 128 -1 128 -1 -2
17 -1 17 37 -1 17 45 -1 17 48 -1 17 165 -1 17 194 -1 37 -1 37 45 -1 37 48 -1 37 165 -1 37 194 -1 45 -1 45 48 -1 45 165 -1 45 194 -1 48 -1 48 165 -1 48 194 -1 165 -1 165 194 -1 194 -1 -2
1 -1 1 13 -1 1 187 -1 13 -1 13 187 -1 187 -1 -2
25 -1 -2
8 -1 8 9 -1 8 12 -1 8 36 -1 8 61 -1 9 -1 9 12 -1 9 36 -1 9 61 -1 12 -1 12 36 -1 12 61 -1 36 -1 36 61 -1 61 -1 -2
9 -1 9 107 -1 9 156 -1 107 -1 107 156 -1 156 -1 -2
117 -1 -2
9 -1 9 16 -1 9 172 -1 16 -1 16 172 -1 172 -1 -2
16 -1 16 38 -1 16 175 -1 38 -1 38 175 -1 175 -1 -2
86 -1 86 171 -1 171 -1 -2
112 -1 -2
9 -1 9 22 -1 9 35 -1 22 -1 22 35 -1 35 -1 -2
1 -1 1 22 -1 1 48 -1 1 133 -1 22 -1 22 48 -1 22 133 -1 48 -1 48 133 -1 133 -1 -2
14 -1 14 21 -1 14 61 -1 14 128 -1 14 187 -1 21 -1 21 61 -1 21 128 -1 21 187 -1 61 -1 61 128 -1 61 187 -1 128 -1 128 187 -1 187 -1 -2
13 -1 13 44 -1 13 47 -1 13 63 -1 44 -1 44 47 -1 44 63 -1 47 -1 47 63 -1 63 -1 -2
32 -1 32 92 -1 92 -1 -2
19 -1 19 40 -1 19 61 -1 40 -1 40 61 -1 61 -1 -2
42 -1 -2
1 -1 -2
29 -1 29 107 -1 107 -1 -2
32 -1 -2
17 -1 17 21 -1 17 63 -1 17 90 -1 17 187 -1 21 -1 21 63 -1 21 90 -1 21 187 -1 63 -1 63 90 -1 63 187 -1 90 -1 90 187 -1 187 -1 -2
80 -1 -2
131 -1 -2
32 -1 32 133 -1 133 -1 -2
1 -1 1 34 -1 1 49 -1 34 -1 34 49 -1 49 -1 -2
9 -1 9 13 -1 9 134 -1 13 -1 13 134 -1 134 -1 -2
9 -1 9 22 -1 9 34 -1 9 46 -1 9 69 -1 22 -1 22 34 -1 22 46 -1 22 69 -1 34 -1 34 46 -1 34 69 -1 46 -1 46 69 -1 69 -1 -2
36 -1 -2
13 -1 13 66 -1 66 -1 -2
1 -1 1 34 -1 1 37 -1 1 38 -1 1 69 -1 1 118 -1 34 -1 34 37 -1 34 38 -1 34 69 -1 34 118 -1 37 -1 37 38 -1 37 69 -1 37 118 -1 38 -1 38 69 -1 38 118 -1 69 -1 69 118 -1 118 -1 -2
1 -1 1 8 -1 1 47 -1 1 164 -1 8 -1 8 47 -1 8 164 -1 47 -1 47 164 -1 164 -1 -2
14 -1 -2
40 -1 40 44 -1 40 61 -1 40 187 -1 44 -1 44 61 -1 44 187 -1 61 -1 61 187 -1 187 -1 -2
13 -1 13 75 -1 75 -1 -2
14 -1 14 41 -1 14 66 -1 14 77 -1 41 -1 41 66 -1 41 77 -1 66 -1 66 77 -1 77 -1 -2
7 -1 7 168 -1 168 -1 -2
6 -1 6 98 -1 98 -1 -2
18 -1 18 26 -1 18 187 -1 18 191 -1 26 -1 26 187 -1 26 191 -1 187 -1 187 191 -1 191 -1 -2
8 -1 -2
37 -1 37 86 -1 86 -1 -2
13 -1 13 187 -1 187 -1 -2
2 -1 2 24 -1 2 36 -1 24 -1 24 36 -1 36 -1 -2
8 -1 -2
56 -1 56 93 -1 56 165 -1 93 -1 93 165 -1 165 -1 -2
48 -1 48 73 -1 73 -1 -2
29 -1 29 48 -1 29 72 -1 29 99 -1 29 129 -1 29 132 -1 48 -1 48 72 -1 48 99 -1 48 129 -1 48 132 -1 72 -1 72 99 -1 72 129 -1 72 132 -1 99 -1 99 129 -1 99 132 -1 129 -1 129 132 -1 132 -1 -2
52 -1 52 181 -1 181 -1 -2
7 -1 7 14 -1 7 37 -1 14 -1 14 37 -1 37 -1 -2
1 -1 -2
24 -1 24 74 -1 74 -1 -2
6 -1 6 8 -1 6 17 -1 6 53 -1 8 -1 8 17 -1 8 53 -1 17 -1 17 53 -1 53 -1 -2
92 -1 -2
17 -1 -2
13 -1 -2
9 -1 9 22 -1 9 80 -1 9 151 -1 22 -1 22 80 -1 22 151 -1 80 -1 80 151 -1 151 -1 -2
77 -1 -2
42 -1 42 143 -1 143 -1 -2
9 -1 9 18 -1 9 96 -1 18 -1 18 96 -1 96 -1 -2
1 -1 1 38 -1 1 52 -1 1 131 -1 38 -1 38 52 -1 38 131 -1 52 -1 52 131 -1 131 -1 -2
24 -1 24 183 -1 183 -1 -2
9 -1 9 21 -1 9 36 -1 9 181 -1 21 -1 21 36 -1 21 181 -1 36 -1 36 181 -1 181 -1 -2
25 -1 25 120 -1 25 128 -1 120 -1 120 128 -1 128 -1 -2
9 -1 -2
2 -1 -2
78 -1 78 107 -1 107 -1 -2
104 -1 -2
38 -1 38 189 -1 189 -1 -2
9 -1 9 12 -1 12 -1 -2
88 -1 88 179 -1 179 -1 -2
1 -1 1 9 -1 1 36 -1 1 76 -1 1 182 -1 9 -1 9 36 -1 9 76 -1 9 182 -1 36 -1 36 76 -1 36 182 -1 76 -1 76 182 -1 182 -1 -2
9 -1 9 19 -1 9 76 -1 19 -1 19 76 -1 76 -1 -2
17 -1 17 104 -1 104 -1 -2
22 -1 -2
12 -1 12 14 -1 12 17 -1 12 164 -1 14 -1 14 17 -1 14 164 -1 17 -1 17 164 -1 164 -1 -2
99 -1 -2
78 -1 78 94 -1 94 -1 -2
168 -1 -2
6 -1 6 43 -1 6 140 -1 43 -1 43 140 -1 140 -1 -2
51 -1 -2
2 -1 2 61 -1 2 104 -1 61 -1 61 104 -1 104 -1 -2
44 -1 44 50 -1 44 95 -1 44 121 -1 44 130 -1 50 -1 50 95 -1 50 121 -1 50 130 -1 95 -1 95 121 -1 95 130 -1 121 -1 121 130 -1 130 -1 -2
17 -1 17 191 -1 191 -1 -2
1 -1 1 36 -1 1 92 -1 1 141 -1 1 187 -1 36 -1 36 92 -1 36 141 -1 36 187 -1 92 -1 92 141 -1 92 187 -1 141 -1 141 187 -1 187 -1 -2
7 -1 7 14 -1 14 -1 -2
40 -1 40 187 -1 187 -1 -2
17 -1 17 50 -1 17 64 -1 50 -1 50 64 -1 64 -1 -2
17 -1 17 73 -1 17 128 -1 17 133 -1 17 156 -1 73 -1 73 128 -1 73 133 -1 73 156 -1 128 -1 128 133 -1 128 156 -1 133 -1 133 156 -1 156 -1 -2
105 -1 -2
16 -1 16 32 -1 16 93 -1 16 143 -1 32 -1 32 93 -1 32 143 -1 93 -1 93 143 -1 143 -1 -2
17 -1 17 48 -1 17 64 -1 17 164 -1 48 -1 48 64 -1 48 164 -1 64 -1 64 164 -1 164 -1 -2
45 -1 -2
7 -1 7 8 -1 7 29 -1 7 85 -1 8 -1 8 29 -1 8 85 -1 29 -1 29 85 -1 85 -1 -2
21 -1 21 53 -1 53 -1 -2
33 -1 -2
33 -1 33 37 -1 33 49 -1 33 194 -1 37 -1 37 49 -1 37 194 -1 49 -1 49 194 -1 194 -1 -2
37 -1 37 91 -1 37 198 -1 91 -1 91 198 -1 198 -1 -2
26 -1 26 71 -1 26 113 -1 71 -1 71 113 -1 113 -1 -2
1 -1 1 21 -1 21 -1 -2
49 -1 49 52 -1 52 -1 -2
17 -1 17 52 -1 17 86 -1 17 88 -1 17 164 -1 17 181 -1 52 -1 52 86 -1 52 88 -1 52 164 -1 52 181 -1 86 -1 86 88 -1 86 164 -1 86 181 -1 88 -1 88 164 -1 88 181 -1 164 -1 164 181 -1 181 -1 -2
26 -1 26 31 -1 31 -1 -2
29 -1 29 47 -1 29 53 -1 29 199 -1 47 -1 47 53 -1 47 199 -1 53 -1 53 199 -1 199 -1 -2
65 -1 -2
86 -1 86 164 -1 164 -1 -2
14 -1 14 112 -1 112 -1 -2
8 -1 8 36 -1 8 76 -1 36 -1 36 76 -1 76 -1 -2
8 -1 8 47 -1 47 -1 -2
7 -1 7 14 -1 14 -1 -2
13 -1 13 112 -1 112 -1 -2
18 -1 18 117 -1 18 119 -1 117 -1 117 119 -1 119 -1 -2
1 -1 1 131 -1 131 -1 -2
105 -1 -2
88 -1 -2
117 -1 117 124 -1 117 187 -1 124 -1 124 187 -1 187 -1 -2
17 -1 17 78 -1 17 177 -1 78 -1 78 177 -1 177 -1 -2
7 -1 -2
32 -1 -2
8 -1 -2
14 -1 14 66 -1 14 95 -1 14 187 -1 66 -1 66 95 -1 66 187 -1 95 -1 95 187 -1 187 -1 -2
64 -1 -2
26 -1 -2
8 -1 8 25 -1 8 33 -1 8 121 -1 25 -1 25 33 -1 25 121 -1 33 -1 33 121 -1 121 -1 -2
25 -1 25 164 -1 164 -1 -2
79 -1 -2
26 -1 26 41 -1 26 73 -1 41 -1 41 73 -1 73 -1 -2
2 -1 -2
29 -1 29 38 -1 29 189 -1 38 -1 38 189 -1 189 -1 -2
134 -1 -2
1 -1 1 14 -1 1 41 -1 14 -1 14 41 -1 41 -1 -2
1 -1 1 7 -1 1 9 -1 1 13 -1 1 187 -1 7 -1 7 9 -1 7 13 -1 7 187 -1 9 -1 9 13 -1 9 187 -1 13 -1 13 187 -1 187 -1 -2
61 -1 -2
104 -1 -2
19 -1 19 35 -1 19 137 -1 35 -1 35 137 -1 137 -1 -2
38 -1 38 49 -1 49 -1 -2
104 -1 -2
16 -1 16 32 -1 16 79 -1 16 116 -1 32 -1 32 79 -1 32 116 -1 79 -1 79 116 -1 116 -1 -2
18 -1 -2
8 -1 8 17 -1 8 25 -1 8 38 -1 8 121 -1 8 164 -1 8 182 -1 17 -1 17 25 -1 17 38 -1 17 121 -1 17 164 -1 17 182 -1 25 -1 25 38 -1 25 121 -1 25 164 -1 25 182 -1 38 -1 38 121 -1 38 164 -1 38 182 -1 121 -1 121 164 -1 121 182 -1 164 -1 164 182 -1 182 -1 -2
1 -1 1 9 -1 1 13 -1 1 18 -1 1 52 -1 1 70 -1 1 123 -1 9 -1 9 13 -1 9 18 -1 9 52 -1 9 70 -1 9 123 -1 13 -1 13 18 -1 13 52 -1 13 70 -1 13 123 -1 18 -1 18 52 -1 18 70 -1 18 123 -1 52 -1 52 70 -1 52 123 -1 70 -1 70 123 -1 123 -1 -2
8 -1 8 12 -1 8 47 -1 8 95 -1 12 -1 12 47 -1 12 95 -1 47 -1 47 95 -1 95 -1 -2
6 -1 6 7 -1 6 37 -1 7 -1 7 37 -1 37 -1 -2
16 -1 16 137 -1 16 151 -1 137 -1 137 151 -1 151 -1 -2
187 -1 -2
9 -1 9 13 -1 9 92 -1 13 -1 13 92 -1 92 -1 -2
56 -1 -2
55 -1 55 63 -1 63 -1 -2
17 -1 17 56 -1 17 69 -1 17 101 -1 56 -1 56 69 -1 56 101 -1 69 -1 69 101 -1 101 -1 -2
51 -1 -2
19 -1 19 36 -1 19 74 -1 19 86 -1 19 133 -1 19 187 -1 36 -1 36 74 -1 36 86 -1 36 133 -1 36 187 -1 74 -1 74 86 -1 74 133 -1 74 187 -1 86 -1 86 133 -1 86 187 -1 133 -1 133 187 -1 187 -1 -2
36 -1 36 43 -1 43 -1 -2
105 -1 105 191 -1 191 -1 -2
24 -1 24 33 -1 24 49 -1 33 -1 33 49 -1 49 -1 -2
8 -1 8 47 -1 8 52 -1 47 -1 47 52 -1 52 -1 -2
33 -1 -2
52 -1 52 88 -1 52 130 -1 88 -1 88 130 -1 130 -1 -2
16 -1 -2
7 -1 7 8 -1 7 25 -1 7 86 -1 7 124 -1 7 151 -1 8 -1 8 25 -1 8 86 -1 8 124 -1 8 151 -1 25 -1 25 86 -1 25 124 -1 25 151 -1 86 -1 86 124 -1 86 151 -1 124 -1 124 151 -1 151 -1 -2
187 -1 -2
17 -1 17 85 -1 85 -1 -2
64 -1 -2
75 -1 75 119 -1 119 -1 -2
1 -1 1 7 -1 1 175 -1 1 183 -1 7 -1 7 175 -1 7 183 -1 175 -1 175 183 -1 183 -1 -2
7 -1 7 52 -1 7 144 -1 52 -1 52 144 -1 144 -1 -2
8 -1 8 61 -1 61 -1 -2
14 -1 14 31 -1 14 156 -1 31 -1 31 156 -1 156 -1 -2
48 -1 48 63 -1 63 -1 -2
21 -1 21 35 -1 35 -1 -2
29 -1 29 38 -1 29 45 -1 29 48 -1 29 88 -1 38 -1 38 45 -1 38 48 -1 38 88 -1 45 -1 45 48 -1 45 88 -1 48 -1 48 88 -1 88 -1 -2
37 -1 -2
14 -1 14 61 -1 14 187 -1 61 -1 61 187 -1 187 -1 -2
16 -1 16 21 -1 16 32 -1 21 -1 21 32 -1 32 -1 -2
8 -1 8 189 -1 189 -1 -2
25 -1 25 77 -1 77 -1 -2
14 -1 14 61 -1 61 -1 -2
26 -1 26 177 -1 177 -1 -2
9 -1 9 89 -1 89 -1 -2
17 -1 -2
1 -1 1 9 -1 1 132 -1 9 -1 9 132 -1 132 -1 -2
32 -1 32 44 -1 44 -1 -2
2 -1 2 63 -1 2 99 -1 63 -1 63 99 -1 99 -1 -2
79 -1 -2
24 -1 24 31 -1 24 43 -1 31 -1 31 43 -1 43 -1 -2
50 -1 50 75 -1 50 85 -1 75 -1 75 85 -1 85 -1 -2
1 -1 1 36 -1 36 -1 -2
1 -1 1 6 -1 1 43 -1 1 49 -1 1 53 -1 1 78 -1 6 -1 6 43 -1 6 49 -1 6 53 -1 6 78 -1 43 -1 43 49 -1 43 53 -1 43 78 -1 49 -1 49 53 -1 49 78 -1 53 -1 53 78 -1 78 -1 -2
18 -1 18 128 -1 18 149 -1 128 -1 128 149 -1 149 -1 -2
22 -1 22 31 -1 31 -1 -2
32 -1 32 41 -1 32 79 -1 32 196 -1 41 -1 41 79 -1 41 196 -1 79 -1 79 196 -1 196 -1 -2
107 -1 107 140 -1 140 -1 -2
46 -1 46 56 -1 56 -1 -2
48 -1 48 105 -1 48 133 -1 105 -1 105 133 -1 133 -1 -2
56 -1 56 128 -1 56 134 -1 128 -1 128 134 -1 134 -1 -2
2 -1 2 77 -1 77 -1 -2
90 -1 -2
32 -1 -2
48 -1 48 56 -1 48 149 -1 56 -1 56 149 -1 149 -1 -2
6 -1 6 16 -1 6 26 -1 6 65 -1 6 140 -1 6 172 -1 16 -1 16 26 -1 16 65 -1 16 140 -1 16 172 -1 26 -1 26 65 -1 26 140 -1 26 172 -1 65 -1 65 140 -1 65 172 -1 140 -1 140 172 -1 172 -1 -2
114 -1 -2
21 -1 21 36 -1 21 47 -1 21 132 -1 36 -1 36 47 -1 36 132 -1 47 -1 47 132 -1 132 -1 -2
37 -1 37 138 -1 138 -1 -2
6 -1 6 38 -1 6 139 -1 38 -1 38 139 -1 139 -1 -2
117 -1 -2
1 -1 1 7 -1 1 18 -1 1 29 -1 1 38 -1 1 109 -1 7 -1 7 18 -1 7 29 -1 7 38 -1 7 109 -1 18 -1 18 29 -1 18 38 -1 18 109 -1 29 -1 29 38 -1 29 109 -1 38 -1 38 109 -1 109 -1 -2
7 -1 7 29 -1 29 -1 -2
49 -1 49 79 -1 49 112 -1 79 -1 79 112 -1 112 -1 -2
117 -1 -2
43 -1 43 61 -1 61 -1 -2
1 -1 1 29 -1 1 38 -1 1 92 -1 29 -1 29 38 -1 29 92 -1 38 -1 38 92 -1 92 -1 -2
166 -1 166 169 -1 169 -1 -2
24 -1 -2
1 -1 1 38 -1 38 -1 -2
19 -1 19 121 -1 121 -1 -2
2 -1 2 9 -1 2 34 -1 9 -1 9 34 -1 34 -1 -2
7 -1 7 186 -1 186 -1 -2
44 -1 -2
9 -1 9 44 -1 44 -1 -2
25 -1 25 53 -1 53 -1 -2
50 -1 -2
2 -1 2 25 -1 2 56 -1 2 80 -1 2 188 -1 25 -1 25 56 -1 25 80 -1 25 188 -1 56 -1 56 80 -1 56 188 -1 80 -1 80 188 -1 188 -1 -2
52 -1 52 91 -1 91 -1 -2
180 -1 -2
52 -1 52 72 -1 52 189 -1 72 -1 72 189 -1 189 -1 -2
19 -1 19 114 -1 114 -1 -2
107 -1 107 124 -1 124 -1 -2
9 -1 -2
16 -1 16 17 -1 16 180 -1 17 -1 17 180 -1 180 -1 -2
19 -1 19 63 -1 63 -1 -2
13 -1 -2
25 -1 25 36 -1 36 -1 -2
44 -1 44 95 -1 44 187 -1 95 -1 95 187 -1 187 -1 -2
187 -1 -2
61 -1 -2
43 -1 43 61 -1 43 183 -1 61 -1 61 183 -1 183 -1 -2
1 -1 1 36 -1 1 169 -1 36 -1 36 169 -1 169 -1 -2
17 -1 17 92 -1 17 134 -1 92 -1 92 134 -1 134 -1 -2
21 -1 21 92 -1 21 168 -1 92 -1 92 168 -1 168 -1 -2
32 -1 -2
2 -1 2 7 -1 2 19 -1 2 24 -1 2 33 -1 2 166 -1 7 -1 7 19 -1 7 24 -1 7 33 -1 7 166 -1 19 -1 19 24 -1 19 33 -1 19 166 -1 24 -1 24 33 -1 24 166 -1 33 -1 33 166 -1 166 -1 -2
22 -1 22 154 -1 154 -1 -2
9 -1 9 44 -1 9 64 -1 9 132 -1 44 -1 44 64 -1 44 132 -1 64 -1 64 132 -1 132 -1 -2
9 -1 9 164 -1 9 181 -1 164 -1 164 181 -1 181 -1 -2
17 -1 17 64 -1 17 75 -1 64 -1 64 75 -1 75 -1 -2
15 -1 15 71 -1 15 114 -1 71 -1 71 114 -1 114 -1 -2
6 -1 6 7 -1 6 43 -1 6 86 -1 6 124 -1 6 152 -1 7 -1 7 43 -1 7 86 -1 7 124 -1 7 152 -1 43 -1 43 86 -1 43 124 -1 43 152 -1 86 -1 86 124 -1 86 152 -1 124 -1 124 152 -1 152 -1 -2
9 -1 9 52 -1 9 77 -1 9 105 -1 52 -1 52 77 -1 52 105 -1 77 -1 77 105 -1 105 -1 -2
2 -1 -2
8 -1 8 9 -1 8 52 -1 8 130 -1 9 -1 9 52 -1 9 130 -1 52 -1 52 130 -1 130 -1 -2
24 -1 -2
33 -1 -2
168 -1 -2
1 -1 1 9 -1 1 88 -1 1 132 -1 9 -1 9 88 -1 9 132 -1 88 -1 88 132 -1 132 -1 -2
17 -1 17 50 -1 50 -1 -2
37 -1 -2
7 -1 7 14 -1 7 25 -1 7 29 -1 7 48 -1 14 -1 14 25 -1 14 29 -1 14 48 -1 25 -1 25 29 -1 25 48 -1 29 -1 29 48 -1 48 -1 -2
17 -1 -2
36 -1 36 119 -1 119 -1 -2
1 -1 1 14 -1 1 66 -1 1 187 -1 14 -1 14 66 -1 14 187 -1 66 -1 66 187 -1 187 -1 -2
7 -1 7 25 -1 7 42 -1 7 194 -1 25 -1 25 42 -1 25 194 -1 42 -1 42 194 -1 194 -1 -2
13 -1 13 14 -1 13 49 -1 14 -1 14 49 -1 49 -1 -2
22 -1 22 38 -1 22 40 -1 22 61 -1 22 131 -1 38 -1 38 40 -1 38 61 -1 38 131 -1 40 -1 40 61 -1 40 131 -1 61 -1 61 131 -1 131 -1 -2
9 -1 9 18 -1 9 21 -1 18 -1 18 21 -1 21 -1 -2
8 -1 8 48 -1 48 -1 -2
40 -1 -2
31 -1 31 179 -1 179 -1 -2
2 -1 2 12 -1 2 24 -1 2 92 -1 12 -1 12 24 -1 12 92 -1 24 -1 24 92 -1 92 -1 -2
17 -1 17 19 -1 17 24 -1 17 168 -1 19 -1 19 24 -1 19 168 -1 24 -1 24 168 -1 168 -1 -2
2 -1 2 61 -1 61 -1 -2
113 -1 -2
19 -1 19 41 -1 41 -1 -2
2 -1 2 117 -1 2 151 -1 117 -1 117 151 -1 151 -1 -2
105 -1 -2
1 -1 -2
16 -1 16 151 -1 151 -1 -2
47 -1 -2
51 -1 -2
50 -1 50 164 -1 50 199 -1 164 -1 164 199 -1 199 -1 -2
73 -1 -2
63 -1 63 77 -1 63 134 -1 77 -1 77 134 -1 134 -1 -2
18 -1 18 167 -1 167 -1 -2
19 -1 19 73 -1 19 77 -1 73 -1 73 77 -1 77 -1 -2
1 -1 1 14 -1 1 86 -1 1 104 -1 1 124 -1 1 187 -1 14 -1 14 86 -1 14 104 -1 14 124 -1 14 187 -1 86 -1 86 104 -1 86 124 -1 86 187 -1 104 -1 104 124 -1 104 187 -1 124 -1 124 187 -1 187 -1 -2
8 -1 8 33 -1 8 64 -1 33 -1 33 64 -1 64 -1 -2
14 -1 14 29 -1 14 77 -1 29 -1 29 77 -1 77 -1 -2
1 -1 1 14 -1 1 17 -1 1 21 -1 1 119 -1 1 194 -1 14 -1 14 17 -1 14 21 -1 14 119 -1 14 194 -1 17 -1 17 21 -1 17 119 -1 17 194 -1 21 -1 21 119 -1 21 194 -1 119 -1 119 194 -1 194 -1 -2
9 -1 9 17 -1 17 -1 -2
40 -1 -2
14 -1 14 43 -1 14 105 -1 14 187 -1 43 -1 43 105 -1 43 187 -1 105 -1 105 187 -1 187 -1 -2
7 -1 7 80 -1 7 168 -1 7 177 -1 80 -1 80 168 -1 80 177 -1 168 -1 168 177 -1 177 -1 -2
79 -1 -2
7 -1 7 61 -1 61 -1 -2
1 -1 1 7 -1 1 38 -1 1 49 -1 7 -1 7 38 -1 7 49 -1 38 -1 38 49 -1 49 -1 -2
2 -1 2 93 -1 2 111 -1 93 -1 93 111 -1 111 -1 -2
12 -1 12 63 -1 12 77 -1 63 -1 63 77 -1 77 -1 -2
37 -1 -2
9 -1 9 13 -1 9 29 -1 9 113 -1 9 172 -1 13 -1 13 29 -1 13 113 -1 13 172 -1 29 -1 29 113 -1 29 172 -1 113 -1 113 172 -1 172 -1 -2
26 -1 26 49 -1 26 88 -1 26 92 -1 26 169 -1 26 194 -1 49 -1 49 88 -1 49 92 -1 49 169 -1 49 194 -1 88 -1 88 92 -1 88 169 -1 88 194 -1 92 -1 92 169 -1 92 194 -1 169 -1 169 194 -1 194 -1 -2
29 -1 -2
32 -1 32 35 -1 32 36 -1 32 48 -1 32 133 -1 32 187 -1 35 -1 35 36 -1 35 48 -1 35 133 -1 35 187 -1 36 -1 36 48 -1 36 133 -1 36 187 -1 48 -1 48 133 -1 48 187 -1 133 -1 133 187 -1 187 -1 -2
13 -1 13 36 -1 13 91 -1 36 -1 36 91 -1 91 -1 -2
8 -1 8 36 -1 8 49 -1 8 52 -1 36 -1 36 49 -1 36 52 -1 49 -1 49 52 -1 52 -1 -2
32 -1 32 61 -1 32 187 -1 61 -1 61 187 -1 187 -1 -2
1 -1 1 38 -1 1 41 -1 38 -1 38 41 -1 41 -1 -2
43 -1 -2
50 -1 50 51 -1 50 169 -1 51 -1 51 169 -1 169 -1 -2
98 -1 -2
32 -1 32 107 -1 107 -1 -2
95 -1 -2
9 -1 9 42 -1 9 52 -1 9 104 -1 9 164 -1 9 182 -1 42 -1 42 52 -1 42 104 -1 42 164 -1 42 182 -1 52 -1 52 104 -1 52 164 -1 52 182 -1 104 -1 104 164 -1 104 182 -1 164 -1 164 182 -1 182 -1 -2
37 -1 37 70 -1 70 -1 -2
14 -1 14 37 -1 37 -1 -2
8 -1 8 34 -1 34 -1 -2
188 -1 -2
56 -1 56 78 -1 78 -1 -2
64 -1 -2
16 -1 -2
9 -1 9 64 -1 9 130 -1 9 132 -1 64 -1 64 130 -1 64 132 -1 130 -1 130 132 -1 132 -1 -2
89 -1 89 137 -1 89 169 -1 137 -1 137 169 -1 169 -1 -2
1 -1 1 7 -1 1 21 -1 7 -1 7 21 -1 21 -1 -2
37 -1 -2
133 -1 -2
48 -1 48 64 -1 48 154 -1 64 -1 64 154 -1 154 -1 -2
85 -1 85 92 -1 85 93 -1 85 194 -1 92 -1 92 93 -1 92 194 -1 93 -1 93 194 -1 194 -1 -2
18 -1 18 177 -1 177 -1 -2
32 -1 -2
7 -1 7 16 -1 7 108 -1 7 140 -1 7 186 -1 16 -1 16 108 -1 16 140 -1 16 186 -1 108 -1 108 140 -1 108 186 -1 140 -1 140 186 -1 186 -1 -2
50 -1 50 93 -1 50 120 -1 93 -1 93 120 -1 120 -1 -2
7 -1 7 25 -1 7 94 -1 25 -1 25 94 -1 94 -1 -2
33 -1 33 51 -1 33 124 -1 33 143 -1 51 -1 51 124 -1 51 143 -1 124 -1 124 143 -1 143 -1 -2
17 -1 17 25 -1 25 -1 -2
6 -1 6 56 -1 6 186 -1 56 -1 56 186 -1 186 -1 -2
2 -1 2 34 -1 2 52 -1 34 -1 34 52 -1 52 -1 -2
31 -1 -2
6 -1 6 13 -1 13 -1 -2
61 -1 61 72 -1 61 129 -1 72 -1 72 129 -1 129 -1 -2
1 -1 1 50 -1 50 -1 -2
1 -1 1 86 -1 86 -1 -2
2 -1 2 31 -1 2 49 -1 2 137 -1 31 -1 31 49 -1 31 137 -1 49 -1 49 137 -1 137 -1 -2
9 -1 9 13 -1 9 24 -1 9 86 -1 9 88 -1 9 92 -1 9 124 -1 9 166 -1 13 -1 13 24 -1 13 86 -1 13 88 -1 13 92 -1 13 124 -1 13 166 -1 24 -1 24 86 -1 24 88 -1 24 92 -1 24 124 -1 24 166 -1 86 -1 86 88 -1 86 92 -1 86 124 -1 86 166 -1 88 -1 88 92 -1 88 124 -1 88 166 -1 92 -1 92 124 -1 92 166 -1 124 -1 124 166 -1 166 -1 -2
16 -1 16 50 -1 16 93 -1 50 -1 50 93 -1 93 -1 -2
9 -1 9 95 -1 9 104 -1 95 -1 95 104 -1 104 -1 -2
13 -1 13 45 -1 45 -1 -2
7 -1 7 9 -1 9 -1 -2
2 -1 2 6 -1 2 29 -1 6 -1 6 29 -1 29 -1 -2
45 -1 45 86 -1 45 124 -1 45 198 -1 86 -1 86 124 -1 86 198 -1 124 -1 124 198 -1 198 -1 -2
9 -1 9 72 -1 9 129 -1 72 -1 72 129 -1 129 -1 -2
7 -1 7 13 -1 7 43 -1 7 196 -1 13 -1 13 43 -1 13 196 -1 43 -1 43 196 -1 196 -1 -2
43 -1 43 61 -1 43 76 -1 61 -1 61 76 -1 76 -1 -2
1 -1 1 144 -1 144 -1 -2
61 -1 -2
6 -1 6 43 -1 6 61 -1 6 187 -1 43 -1 43 61 -1 43 187 -1 61 -1 61 187 -1 187 -1 -2
1 -1 1 26 -1 1 38 -1 1 187 -1 26 -1 26 38 -1 26 187 -1 38 -1 38 187 -1 187 -1 -2
32 -1 32 51 -1 51 -1 -2
17 -1 17 37 -1 37 -1 -2
120 -1 120 179 -1 179 -1 -2
14 -1 -2
1 -1 1 2 -1 1 65 -1 1 134 -1 2 -1 2 65 -1 2 134 -1 65 -1 65 134 -1 134 -1 -2
17 -1 17 94 -1 17 96 -1 94 -1 94 96 -1 96 -1 -2
1 -1 1 16 -1 1 32 -1 1 37 -1 1 131 -1 1 164 -1 16 -1 16 32 -1 16 37 -1 16 131 -1 16 164 -1 32 -1 32 37 -1 32 131 -1 32 164 -1 37 -1 37 131 -1 37 164 -1 131 -1 131 164 -1 164 -1 -2
37 -1 37 45 -1 37 92 -1 45 -1 45 92 -1 92 -1 -2
1 -1 1 29 -1 29 -1 -2
7 -1 7 97 -1 97 -1 -2
50 -1 50 104 -1 104 -1 -2
41 -1 41 196 -1 196 -1 -2
9 -1 9 13 -1 9 16 -1 9 29 -1 13 -1 13 16 -1 13 29 -1 16 -1 16 29 -1 29 -1 -2
61 -1 -2
21 -1 21 33 -1 21 38 -1 33 -1 33 38 -1 38 -1 -2
17 -1 -2
19 -1 19 50 -1 19 51 -1 19 93 -1 19 108 -1 50 -1 50 51 -1 50 93 -1 50 108 -1 51 -1 51 93 -1 51 108 -1 93 -1 93 108 -1 108 -1 -2
1 -1 1 187 -1 187 -1 -2
175 -1 -2
1 -1 1 17 -1 1 24 -1 1 36 -1 1 76 -1 17 -1 17 24 -1 17 36 -1 17 76 -1 24 -1 24 36 -1 24 76 -1 36 -1 36 76 -1 76 -1 -2
8 -1 8 9 -1 8 61 -1 8 75 -1 9 -1 9 61 -1 9 75 -1 61 -1 61 75 -1 75 -1 -2
2 -1 2 96 -1 96 -1 -2
18 -1 18 19 -1 18 52 -1 19 -1 19 52 -1 52 -1 -2
168 -1 -2
1 -1 1 36 -1 36 -1 -2
48 -1 48 66 -1 48 191 -1 66 -1 66 191 -1 191 -1 -2
1 -1 1 64 -1 64 -1 -2
1 -1 1 52 -1 1 130 -1 1 164 -1 1 199 -1 52 -1 52 130 -1 52 164 -1 52 199 -1 130 -1 130 164 -1 130 199 -1 164 -1 164 199 -1 199 -1 -2
6 -1 6 9 -1 6 40 -1 9 -1 9 40 -1 40 -1 -2
61 -1 61 105 -1 61 187 -1 105 -1 105 187 -1 187 -1 -2
13 -1 13 35 -1 13 37 -1 35 -1 35 37 -1 37 -1 -2
14 -1 14 19 -1 14 95 -1 19 -1 19 95 -1 95 -1 -2
36 -1 36 188 -1 188 -1 -2
71 -1 -2
9 -1 -2
6 -1 6 113 -1 113 -1 -2
96 -1 -2
25 -1 25 154 -1 154 -1 -2
48 -1 48 169 -1 48 189 -1 169 -1 169 189 -1 189 -1 -2
50 -1 50 56 -1 50 188 -1 56 -1 56 188 -1 188 -1 -2
8 -1 8 35 -1 35 -1 -2
47 -1 47 48 -1 47 133 -1 48 -1 48 133 -1 133 -1 -2
8 -1 8 33 -1 8 113 -1 33 -1 33 113 -1 113 -1 -2
1 -1 1 9 -1 9 -1 -2
1 -1 1 40 -1 40 -1 -2
18 -1 18 37 -1 18 56 -1 18 80 -1 18 128 -1 18 188 -1 37 -1 37 56 -1 37 80 -1 37 128 -1 37 188 -1 56 -1 56 80 -1 56 128 -1 56 188 -1 80 -1 80 128 -1 80 188 -1 128 -1 128 188 -1 188 -1 -2
164 -1 -2
199 -1 -2
17 -1 17 91 -1 17 151 -1 91 -1 91 151 -1 151 -1 -2
9 -1 9 19 -1 9 48 -1 9 90 -1 9 133 -1 19 -1 19 48 -1 19 90 -1 19 133 -1 48 -1 48 90 -1 48 133 -1 90 -1 90 133 -1 133 -1 -2
18 -1 18 98 -1 98 -1 -2
1 -1 1 12 -1 1 73 -1 1 136 -1 12 -1 12 73 -1 12 136 -1 73 -1 73 136 -1 136 -1 -2
49 -1 49 65 -1 65 -1 -2
140 -1 140 191 -1 191 -1 -2
7 -1 7 33 -1 7 124 -1 7 164 -1 33 -1 33 124 -1 33 164 -1 124 -1 124 164 -1 164 -1 -2
21 -1 21 36 -1 21 38 -1 21 48 -1 21 53 -1 36 -1 36 38 -1 36 48 -1 36 53 -1 38 -1 38 48 -1 38 53 -1 48 -1 48 53 -1 53 -1 -2
19 -1 -2
9 -1 -2
17 -1 -2
38 -1 -2
9 -1 9 50 -1 50 -1 -2
14 -1 14 61 -1 14 133 -1 14 140 -1 61 -1 61 133 -1 61 140 -1 133 -1 133 140 -1 140 -1 -2
180 -1 180 182 -1 182 -1 -2
6 -1 6 118 -1 6 168 -1 118 -1 118 168 -1 168 -1 -2
21 -1 -2
86 -1 86 124 -1 124 -1 -2
40 -1 40 61 -1 40 86 -1 40 104 -1 40 124 -1 40 156 -1 40 187 -1 61 -1 61 86 -1 61 104 -1 61 124 -1 61 156 -1 61 187 -1 86 -1 86 104 -1 86 124 -1 86 156 -1 86 187 -1 104 -1 104 124 -1 104 156 -1 104 187 -1 124 -1 124 156 -1 124 187 -1 156 -1 156 187 -1 187 -1 -2
9 -1 9 16 -1 9 21 -1 9 44 -1 9 165 -1 9 168 -1 16 -1 16 21 -1 16 44 -1 16 165 -1 16 168 -1 21 -1 21 44 -1 21 165 -1 21 168 -1 44 -1 44 165 -1 44 168 -1 165 -1 165 168 -1 168 -1 -2
8 -1 8 17 -1 8 199 -1 17 -1 17 199 -1 199 -1 -2
6 -1 6 8 -1 6 32 -1 6 61 -1 6 196 -1 8 -1 8 32 -1 8 61 -1 8 196 -1 32 -1 32 61 -1 32 196 -1 61 -1 61 196 -1 196 -1 -2
104 -1 104 180 -1 104 181 -1 180 -1 180 181 -1 181 -1 -2
25 -1 25 40 -1 40 -1 -2
16 -1 16 50 -1 16 93 -1 16 94 -1 50 -1 50 93 -1 50 94 -1 93 -1 93 94 -1 94 -1 -2
7 -1 -2
17 -1 17 94 -1 94 -1 -2
88 -1 -2
37 -1 37 113 -1 37 139 -1 113 -1 113 139 -1 139 -1 -2
43 -1 -2
9 -1 9 55 -1 9 73 -1 55 -1 55 73 -1 73 -1 -2
188 -1 -2
7 -1 7 14 -1 14 -1 -2
7 -1 7 41 -1 7 75 -1 41 -1 41 75 -1 75 -1 -2
37 -1 37 85 -1 85 -1 -2
1 -1 1 22 -1 22 -1 -2
188 -1 -2
1 -1 1 187 -1 187 -1 -2
17 -1 17 187 -1 187 -1 -2
2 -1 2 26 -1 2 56 -1 26 -1 26 56 -1 56 -1 -2
2 -1 -2
86 -1 -2
14 -1 14 119 -1 119 -1 -2
1 -1 1 17 -1 1 37 -1 1 185 -1 17 -1 17 37 -1 17 185 -1 37 -1 37 185 -1 185 -1 -2
17 -1 17 70 -1 17 183 -1 70 -1 70 183 -1 183 -1 -2
1 -1 1 187 -1 187 -1 -2
16 -1 16 17 -1 16 43 -1 16 92 -1 17 -1 17 43 -1 17 92 -1 43 -1 43 92 -1 92 -1 -2
2 -1 2 21 -1 2 44 -1 2 63 -1 2 189 -1 21 -1 21 44 -1 21 63 -1 21 189 -1 44 -1 44 63 -1 44 189 -1 63 -1 63 189 -1 189 -1 -2
7 -1 7 56 -1 7 93 -1 56 -1 56 93 -1 93 -1 -2
49 -1 -2
50 -1 50 52 -1 50 93 -1 52 -1 52 93 -1 93 -1 -2
9 -1 9 71 -1 71 -1 -2
2 -1 2 118 -1 2 162 -1 118 -1 118 162 -1 162 -1 -2
37 -1 37 91 -1 37 97 -1 37 166 -1 91 -1 91 97 -1 91 166 -1 97 -1 97 166 -1 166 -1 -2
9 -1 9 16 -1 9 65 -1 9 95 -1 16 -1 16 65 -1 16 95 -1 65 -1 65 95 -1 95 -1 -2
25 -1 25 112 -1 112 -1 -2
29 -1 29 37 -1 37 -1 -2
25 -1 -2
1 -1 1 2 -1 1 7 -1 1 71 -1 1 80 -1 1 183 -1 2 -1 2 7 -1 2 71 -1 2 80 -1 2 183 -1 7 -1 7 71 -1 7 80 -1 7 183 -1 71 -1 71 80 -1 71 183 -1 80 -1 80 183 -1 183 -1 -2
7 -1 7 140 -1 7 194 -1 140 -1 140 194 -1 194 -1 -2
9 -1 9 12 -1 9 46 -1 9 112 -1 12 -1 12 46 -1 12 112 -1 46 -1 46 112 -1 112 -1 -2
24 -1 24 43 -1 24 182 -1 43 -1 43 182 -1 182 -1 -2
16 -1 16 17 -1 16 25 -1 17 -1 17 25 -1 25 -1 -2
61 -1 61 75 -1 61 129 -1 75 -1 75 129 -1 129 -1 -2
29 -1 29 162 -1 162 -1 -2
6 -1 6 29 -1 6 144 -1 6 166 -1 29 -1 29 144 -1 29 166 -1 144 -1 144 166 -1 166 -1 -2
64 -1 64 131 -1 131 -1 -2
14 -1 14 19 -1 14 22 -1 19 -1 19 22 -1 22 -1 -2
9 -1 9 16 -1 16 -1 -2
16 -1 16 21 -1 16 45 -1 21 -1 21 45 -1 45 -1 -2
32 -1 32 162 -1 32 175 -1 32 183 -1 162 -1 162 175 -1 162 183 -1 175 -1 175 183 -1 183 -1 -2
1 -1 1 7 -1 1 36 -1 1 191 -1 7 -1 7 36 -1 7 191 -1 36 -1 36 191 -1 191 -1 -2
56 -1 56 198 -1 198 -1 -2
13 -1 13 24 -1 13 114 -1 13 188 -1 24 -1 24 114 -1 24 188 -1 114 -1 114 188 -1 188 -1 -2
9 -1 9 25 -1 9 33 -1 9 94 -1 9 171 -1 25 -1 25 33 -1 25 94 -1 25 171 -1 33 -1 33 94 -1 33 171 -1 94 -1 94 171 -1 171 -1 -2
25 -1 25 56 -1 25 93 -1 25 94 -1 56 -1 56 93 -1 56 94 -1 93 -1 93 94 -1 94 -1 -2
9 -1 9 40 -1 9 61 -1 40 -1 40 61 -1 61 -1 -2
19 -1 19 25 -1 19 52 -1 19 66 -1 19 187 -1 25 -1 25 52 -1 25 66 -1 25 187 -1 52 -1 52 66 -1 52 187 -1 66 -1 66 187 -1 187 -1 -2
88 -1 88 141 -1 88 168 -1 141 -1 141 168 -1 168 -1 -2
61 -1 -2
9 -1 9 104 -1 9 140 -1 104 -1 104 140 -1 140 -1 -2
33 -1 33 49 -1 33 70 -1 33 182 -1 49 -1 49 70 -1 49 182 -1 70 -1 70 182 -1 182 -1 -2
21 -1 21 38 -1 38 -1 -2
128 -1 128 154 -1 154 -1 -2
105 -1 -2
175 -1 -2
14 -1 -2
33 -1 33 151 -1 151 -1 -2
21 -1 21 36 -1 36 -1 -2
25 -1 25 69 -1 25 91 -1 25 188 -1 69 -1 69 91 -1 69 188 -1 91 -1 91 188 -1 188 -1 -2
47 -1 47 55 -1 47 164 -1 55 -1 55 164 -1 164 -1 -2
19 -1 19 21 -1 19 52 -1 19 92 -1 19 166 -1 21 -1 21 52 -1 21 92 -1 21 166 -1 52 -1 52 92 -1 52 166 -1 92 -1 92 166 -1 166 -1 -2
29 -1 -2
2 -1 2 37 -1 2 56 -1 2 80 -1 2 188 -1 37 -1 37 56 -1 37 80 -1 37 188 -1 56 -1 56 80 -1 56 188 -1 80 -1 80 188 -1 188 -1 -2
8 -1 8 9 -1 9 -1 -2
56 -1 56 59 -1 56 169 -1 56 188 -1 59 -1 59 169 -1 59 188 -1 169 -1 169 188 -1 188 -1 -2
8 -1 8 17 -1 8 43 -1 8 47 -1 8 121 -1 8 133 -1 17 -1 17 43 -1 17 47 -1 17 121 -1 17 133 -1 43 -1 43 47 -1 43 121 -1 43 133 -1 47 -1 47 121 -1 47 133 -1 121 -1 121 133 -1 133 -1 -2
52 -1 52 92 -1 52 113 -1 52 134 -1 92 -1 92 113 -1 92 134 -1 113 -1 113 134 -1 134 -1 -2
33 -1 33 49 -1 33 86 -1 33 88 -1 33 124 -1 33 182 -1 49 -1 49 86 -1 49 88 -1 49 124 -1 49 182 -1 86 -1 86 88 -1 86 124 -1 86 182 -1 88 -1 88 124 -1 88 182 -1 124 -1 124 182 -1 182 -1 -2
17 -1 17 25 -1 17 34 -1 17 69 -1 25 -1 25 34 -1 25 69 -1 34 -1 34 69 -1 69 -1 -2
2 -1 2 22 -1 2 40 -1 2 61 -1 2 154 -1 2 160 -1 22 -1 22 40 -1 22 61 -1 22 154 -1 22 160 -1 40 -1 40 61 -1 40 154 -1 40 160 -1 61 -1 61 154 -1 61 160 -1 154 -1 154 160 -1 160 -1 -2
1 -1 -2
7 -1 7 9 -1 7 12 -1 7 37 -1 7 133 -1 9 -1 9 12 -1 9 37 -1 9 133 -1 12 -1 12 37 -1 12 133 -1 37 -1 37 133 -1 133 -1 -2
7 -1 7 40 -1 7 61 -1 40 -1 40 61 -1 61 -1 -2
26 -1 26 52 -1 26 137 -1 52 -1 52 137 -1 137 -1 -2
32 -1 -2
6 -1 6 21 -1 6 25 -1 6 91 -1 6 96 -1 21 -1 21 25 -1 21 91 -1 21 96 -1 25 -1 25 91 -1 25 96 -1 91 -1 91 96 -1 96 -1 -2
7 -1 -2
44 -1 44 139 -1 139 -1 -2
36 -1 36 38 -1 36 117 -1 36 124 -1 38 -1 38 117 -1 38 124 -1 117 -1 117 124 -1 124 -1 -2
130 -1 -2
16 -1 16 26 -1 16 55 -1 16 94 -1 26 -1 26 55 -1 26 94 -1 55 -1 55 94 -1 94 -1 -2
1 -1 1 25 -1 1 164 -1 25 -1 25 164 -1 164 -1 -2
9 -1 9 12 -1 9 18 -1 9 56 -1 9 188 -1 12 -1 12 18 -1 12 56 -1 12 188 -1 18 -1 18 56 -1 18 188 -1 56 -1 56 188 -1 188 -1 -2
12 -1 12 112 -1 112 -1 -2
13 -1 13 187 -1 187 -1 -2
2 -1 2 46 -1 2 50 -1 46 -1 46 50 -1 50 -1 -2
14 -1 -2
21 -1 21 85 -1 21 138 -1 85 -1 85 138 -1 138 -1 -2
14 -1 14 17 -1 14 29 -1 14 49 -1 14 198 -1 17 -1 17 29 -1 17 49 -1 17 198 -1 29 -1 29 49 -1 29 198 -1 49 -1 49 198 -1 198 -1 -2
128 -1 -2
17 -1 17 78 -1 78 -1 -2
14 -1 14 29 -1 14 66 -1 14 92 -1 14 121 -1 29 -1 29 66 -1 29 92 -1 29 121 -1 66 -1 66 92 -1 66 121 -1 92 -1 92 121 -1 121 -1 -2
9 -1 9 12 -1 9 128 -1 12 -1 12 128 -1 128 -1 -2
1 -1 1 13 -1 1 43 -1 13 -1 13 43 -1 43 -1 -2
36 -1 36 64 -1 64 -1 -2
25 -1 -2
8 -1 8 61 -1 61 -1 -2
34 -1 -2
114 -1 -2
32 -1 32 71 -1 71 -1 -2
113 -1 -2
25 -1 25 34 -1 34 -1 -2
2 -1 2 140 -1 2 179 -1 140 -1 140 179 -1 179 -1 -2
1 -1 1 53 -1 53 -1 -2
9 -1 9 16 -1 16 -1 -2
48 -1 -2
13 -1 13 143 -1 13 188 -1 143 -1 143 188 -1 188 -1 -2
137 -1 -2
1 -1 1 22 -1 1 160 -1 22 -1 22 160 -1 160 -1 -2
25 -1 25 45 -1 25 93 -1 45 -1 45 93 -1 93 -1 -2
7 -1 -2
6 -1 -2
1 -1 1 6 -1 6 -1 -2
51 -1 51 66 -1 51 69 -1 51 86 -1 66 -1 66 69 -1 66 86 -1 69 -1 69 86 -1 86 -1 -2
97 -1 -2
107 -1 -2
105 -1 105 187 -1 187 -1 -2
44 -1 -2
8 -1 8 29 -1 8 47 -1 8 95 -1 29 -1 29 47 -1 29 95 -1 47 -1 47 95 -1 95 -1 -2
19 -1 -2
136 -1 -2
7 -1 7 78 -1 7 194 -1 78 -1 78 194 -1 194 -1 -2
2 -1 -2
7 -1 7 21 -1 7 164 -1 21 -1 21 164 -1 164 -1 -2
7 -1 7 14 -1 14 -1 -2
1 -1 1 13 -1 1 182 -1 13 -1 13 182 -1 182 -1 -2
64 -1 -2
6 -1 6 32 -1 6 94 -1 6 152 -1 32 -1 32 94 -1 32 152 -1 94 -1 94 152 -1 152 -1 -2
1 -1 1 36 -1 1 92 -1 1 131 -1 36 -1 36 92 -1 36 131 -1 92 -1 92 131 -1 131 -1 -2
92 -1 92 141 -1 92 181 -1 141 -1 141 181 -1 181 -1 -2
7 -1 7 9 -1 7 14 -1 7 29 -1 7 73 -1 9 -1 9 14 -1 9 29 -1 9 73 -1 14 -1 14 29 -1 14 73 -1 29 -1 29 73 -1 73 -1 -2
9 -1 9 13 -1 9 187 -1 13 -1 13 187 -1 187 -1 -2
47 -1 47 164 -1 47 199 -1 164 -1 164 199 -1 199 -1 -2
19 -1 19 65 -1 19 90 -1 19 187 -1 65 -1 65 90 -1 65 187 -1 90 -1 90 187 -1 187 -1 -2
25 -1 25 32 -1 25 117 -1 32 -1 32 117 -1 117 -1 -2
42 -1 -2
9 -1 9 61 -1 9 104 -1 61 -1 61 104 -1 104 -1 -2
44 -1 44 90 -1 90 -1 -2
16 -1 16 32 -1 16 65 -1 16 134 -1 32 -1 32 65 -1 32 134 -1 65 -1 65 134 -1 134 -1 -2
44 -1 -2
24 -1 24 65 -1 24 194 -1 65 -1 65 194 -1 194 -1 -2
7 -1 -2
8 -1 8 64 -1 64 -1 -2
13 -1 13 187 -1 187 -1 -2
1 -1 1 92 -1 92 -1 -2
17 -1 17 38 -1 38 -1 -2
9 -1 9 61 -1 61 -1 -2
43 -1 43 61 -1 43 187 -1 61 -1 61 187 -1 187 -1 -2
74 -1 74 98 -1 98 -1 -2
7 -1 7 9 -1 7 131 -1 9 -1 9 131 -1 131 -1 -2
8 -1 8 63 -1 63 -1 -2
1 -1 -2
8 -1 8 99 -1 8 189 -1 99 -1 99 189 -1 189 -1 -2
7 -1 7 26 -1 7 37 -1 26 -1 26 37 -1 37 -1 -2
2 -1 2 139 -1 2 149 -1 139 -1 139 149 -1 149 -1 -2
9 -1 9 18 -1 9 52 -1 9 98 -1 9 177 -1 9 188 -1 18 -1 18 52 -1 18 98 -1 18 177 -1 18 188 -1 52 -1 52 98 -1 52 177 -1 52 188 -1 98 -1 98 177 -1 98 188 -1 177 -1 177 188 -1 188 -1 -2
36 -1 36 64 -1 64 -1 -2
133 -1 -2
14 -1 14 41 -1 14 63 -1 14 134 -1 41 -1 41 63 -1 41 134 -1 63 -1 63 134 -1 134 -1 -2
17 -1 17 46 -1 17 140 -1 17 164 -1 46 -1 46 140 -1 46 164 -1 140 -1 140 164 -1 164 -1 -2
9 -1 -2
196 -1 -2
7 -1 7 14 -1 7 52 -1 14 -1 14 52 -1 52 -1 -2
38 -1 38 86 -1 38 93 -1 86 -1 86 93 -1 93 -1 -2
112 -1 -2
118 -1 -2
7 -1 7 24 -1 7 36 -1 7 76 -1 7 164 -1 24 -1 24 36 -1 24 76 -1 24 164 -1 36 -1 36 76 -1 36 164 -1 76 -1 76 164 -1 164 -1 -2
13 -1 13 88 -1 88 -1 -2
47 -1 47 176 -1 176 -1 -2
29 -1 29 88 -1 88 -1 -2
108 -1 108 169 -1 169 -1 -2
22 -1 22 24 -1 22 154 -1 24 -1 24 154 -1 154 -1 -2
64 -1 -2
72 -1 72 133 -1 72 187 -1 133 -1 133 187 -1 187 -1 -2
79 -1 -2
21 -1 21 36 -1 36 -1 -2
151 -1 151 168 -1 151 177 -1 168 -1 168 177 -1 177 -1 -2
79 -1 79 89 -1 79 117 -1 89 -1 89 117 -1 117 -1 -2
14 -1 14 44 -1 14 47 -1 14 48 -1 14 139 -1 14 169 -1 44 -1 44 47 -1 44 48 -1 44 139 -1 44 169 -1 47 -1 47 48 -1 47 139 -1 47 169 -1 48 -1 48 139 -1 48 169 -1 139 -1 139 169 -1 169 -1 -2
16 -1 16 29 -1 29 -1 -2
16 -1 16 18 -1 16 123 -1 16 139 -1 18 -1 18 123 -1 18 139 -1 123 -1 123 139 -1 139 -1 -2
105 -1 -2
7 -1 7 33 -1 7 42 -1 7 143 -1 7 194 -1 33 -1 33 42 -1 33 143 -1 33 194 -1 42 -1 42 143 -1 42 194 -1 143 -1 143 194 -1 194 -1 -2
48 -1 48 169 -1 169 -1 -2
8 -1 8 189 -1 189 -1 -2
1 -1 -2
61 -1 -2
79 -1 79 119 -1 79 137 -1 119 -1 119 137 -1 137 -1 -2
52 -1 -2
1 -1 1 14 -1 1 105 -1 1 187 -1 14 -1 14 105 -1 14 187 -1 105 -1 105 187 -1 187 -1 -2
1 -1 1 24 -1 1 45 -1 1 86 -1 1 92 -1 1 124 -1 24 -1 24 45 -1 24 86 -1 24 92 -1 24 124 -1 45 -1 45 86 -1 45 92 -1 45 124 -1 86 -1 86 92 -1 86 124 -1 92 -1 92 124 -1 124 -1 -2
1 -1 1 7 -1 1 14 -1 1 35 -1 1 37 -1 1 133 -1 1 187 -1 7 -1 7 14 -1 7 35 -1 7 37 -1 7 133 -1 7 187 -1 14 -1 14 35 -1 14 37 -1 14 133 -1 14 187 -1 35 -1 35 37 -1 35 133 -1 35 187 -1 37 -1 37 133 -1 37 187 -1 133 -1 133 187 -1 187 -1 -2
78 -1 78 79 -1 78 113 -1 78 168 -1 79 -1 79 113 -1 79 168 -1 113 -1 113 168 -1 168 -1 -2
36 -1 -2
8 -1 8 17 -1 17 -1 -2
19 -1 19 38 -1 19 52 -1 19 70 -1 38 -1 38 52 -1 38 70 -1 52 -1 52 70 -1 70 -1 -2
2 -1 2 26 -1 2 37 -1 2 56 -1 2 188 -1 26 -1 26 37 -1 26 56 -1 26 188 -1 37 -1 37 56 -1 37 188 -1 56 -1 56 188 -1 188 -1 -2
6 -1 6 36 -1 6 41 -1 6 44 -1 6 64 -1 6 104 -1 6 189 -1 36 -1 36 41 -1 36 44 -1 36 64 -1 36 104 -1 36 189 -1 41 -1 41 44 -1 41 64 -1 41 104 -1 41 189 -1 44 -1 44 64 -1 44 104 -1 44 189 -1 64 -1 64 104 -1 64 189 -1 104 -1 104 189 -1 189 -1 -2
2 -1 2 113 -1 113 -1 -2
29 -1 -2
13 -1 13 18 -1 13 34 -1 13 47 -1 13 117 -1 18 -1 18 34 -1 18 47 -1 18 117 -1 34 -1 34 47 -1 34 117 -1 47 -1 47 117 -1 117 -1 -2
71 -1 -2
29 -1 -2
169 -1 -2
14 -1 -2
76 -1 -2
9 -1 9 22 -1 22 -1 -2
14 -1 -2
97 -1 97 188 -1 188 -1 -2
18 -1 -2
36 -1 36 44 -1 44 -1 -2
14 -1 -2
29 -1 -2
2 -1 2 44 -1 2 47 -1 44 -1 44 47 -1 47 -1 -2
179 -1 179 183 -1 183 -1 -2
35 -1 35 38 -1 35 93 -1 38 -1 38 93 -1 93 -1 -2
119 -1 -2
18 -1 18 19 -1 18 38 -1 19 -1 19 38 -1 38 -1 -2
24 -1 24 31 -1 24 32 -1 31 -1 31 32 -1 32 -1 -2
18 -1 18 56 -1 18 120 -1 18 177 -1 56 -1 56 120 -1 56 177 -1 120 -1 120 177 -1 177 -1 -2
88 -1 88 139 -1 139 -1 -2
19 -1 19 50 -1 19 56 -1 19 188 -1 50 -1 50 56 -1 50 188 -1 56 -1 56 188 -1 188 -1 -2
49 -1 49 176 -1 49 196 -1 176 -1 176 196 -1 196 -1 -2
14 -1 14 119 -1 119 -1 -2
44 -1 44 64 -1 44 189 -1 64 -1 64 189 -1 189 -1 -2
182 -1 -2
17 -1 17 77 -1 77 -1 -2
53 -1 53 61 -1 53 129 -1 61 -1 61 129 -1 129 -1 -2
25 -1 25 34 -1 34 -1 -2
80 -1 80 105 -1 80 118 -1 105 -1 105 118 -1 118 -1 -2
59 -1 -2
37 -1 37 92 -1 92 -1 -2
1 -1 1 7 -1 1 191 -1 7 -1 7 191 -1 191 -1 -2
34 -1 34 69 -1 69 -1 -2
44 -1 44 91 -1 91 -1 -2
1 -1 1 9 -1 1 49 -1 1 72 -1 9 -1 9 49 -1 9 72 -1 49 -1 49 72 -1 72 -1 -2
1 -1 1 13 -1 1 24 -1 1 182 -1 13 -1 13 24 -1 13 182 -1 24 -1 24 182 -1 182 -1 -2
25 -1 -2
12 -1 12 32 -1 12 46 -1 32 -1 32 46 -1 46 -1 -2
9 -1 9 12 -1 12 -1 -2
29 -1 -2
9 -1 9 12 -1 9 61 -1 9 179 -1 12 -1 12 61 -1 12 179 -1 61 -1 61 179 -1 179 -1 -2
137 -1 137 145 -1 145 -1 -2
21 -1 21 74 -1 74 -1 -2
19 -1 19 166 -1 166 -1 -2
64 -1 64 77 -1 77 -1 -2
2 -1 2 74 -1 74 -1 -2
32 -1 32 168 -1 168 -1 -2
114 -1 -2
7 -1 -2
13 -1 13 61 -1 13 156 -1 13 175 -1 61 -1 61 156 -1 61 175 -1 156 -1 156 175 -1 175 -1 -2
14 -1 14 17 -1 14 19 -1 14 99 -1 17 -1 17 19 -1 17 99 -1 19 -1 19 99 -1 99 -1 -2
46 -1 -2
17 -1 17 43 -1 17 191 -1 43 -1 43 191 -1 191 -1 -2
61 -1 61 117 -1 61 187 -1 117 -1 117 187 -1 187 -1 -2
14 -1 14 19 -1 14 22 -1 14 132 -1 14 154 -1 14 160 -1 19 -1 19 22 -1 19 132 -1 19 154 -1 19 160 -1 22 -1 22 132 -1 22 154 -1 22 160 -1 132 -1 132 154 -1 132 160 -1 154 -1 154 160 -1 160 -1 -2
1 -1 1 35 -1 1 187 -1 35 -1 35 187 -1 187 -1 -2
32 -1 32 143 -1 143 -1 -2
19 -1 19 38 -1 38 -1 -2
37 -1 -2
70 -1 70 77 -1 70 131 -1 77 -1 77 131 -1 131 -1 -2
34 -1 34 105 -1 105 -1 -2
2 -1 2 48 -1 48 -1 -2
105 -1 -2
25 -1 25 137 -1 25 181 -1 137 -1 137 181 -1 181 -1 -2
108 -1 -2
12 -1 12 46 -1 12 53 -1 12 76 -1 12 112 -1 46 -1 46 53 -1 46 76 -1 46 112 -1 53 -1 53 76 -1 53 112 -1 76 -1 76 112 -1 112 -1 -2
29 -1 29 44 -1 29 180 -1 44 -1 44 180 -1 180 -1 -2
6 -1 6 8 -1 8 -1 -2
2 -1 -2
43 -1 43 108 -1 43 187 -1 108 -1 108 187 -1 187 -1 -2
13 -1 13 42 -1 13 75 -1 13 121 -1 42 -1 42 75 -1 42 121 -1 75 -1 75 121 -1 121 -1 -2
29 -1 -2
73 -1 -2
14 -1 14 22 -1 22 -1 -2
2 -1 -2
105 -1 105 191 -1 191 -1 -2
14 -1 -2
36 -1 36 40 -1 36 43 -1 36 61 -1 36 105 -1 36 183 -1 40 -1 40 43 -1 40 61 -1 40 105 -1 40 183 -1 43 -1 43 61 -1 43 105 -1 43 183 -1 61 -1 61 105 -1 61 183 -1 105 -1 105 183 -1 183 -1 -2
19 -1 19 36 -1 19 105 -1 36 -1 36 105 -1 105 -1 -2
47 -1 47 132 -1 47 133 -1 47 199 -1 132 -1 132 133 -1 132 199 -1 133 -1 133 199 -1 199 -1 -2
35 -1 35 130 -1 35 132 -1 130 -1 130 132 -1 132 -1 -2
7 -1 7 9 -1 7 179 -1 9 -1 9 179 -1 179 -1 -2
38 -1 38 45 -1 38 46 -1 45 -1 45 46 -1 46 -1 -2
43 -1 43 187 -1 187 -1 -2
21 -1 21 112 -1 112 -1 -2
130 -1 -2
17 -1 17 50 -1 17 80 -1 50 -1 50 80 -1 80 -1 -2
77 -1 77 180 -1 180 -1 -2
17 -1 17 121 -1 121 -1 -2
7 -1 7 32 -1 32 -1 -2
16 -1 16 32 -1 32 -1 -2
9 -1 9 14 -1 9 36 -1 14 -1 14 36 -1 36 -1 -2
17 -1 -2
40 -1 40 49 -1 40 61 -1 40 128 -1 49 -1 49 61 -1 49 128 -1 61 -1 61 128 -1 128 -1 -2
26 -1 26 94 -1 26 114 -1 26 165 -1 26 166 -1 94 -1 94 114 -1 94 165 -1 94 166 -1 114 -1 114 165 -1 114 166 -1 165 -1 165 166 -1 166 -1 -2
1 -1 -2
6 -1 -2
76 -1 76 108 -1 76 199 -1 108 -1 108 199 -1 199 -1 -2
9 -1 9 31 -1 9 37 -1 31 -1 31 37 -1 37 -1 -2
48 -1 48 95 -1 48 133 -1 95 -1 95 133 -1 133 -1 -2
75 -1 -2
21 -1 21 44 -1 21 112 -1 44 -1 44 112 -1 112 -1 -2
43 -1 43 75 -1 75 -1 -2
25 -1 -2
41 -1 41 78 -1 78 -1 -2
32 -1 32 92 -1 92 -1 -2
19 -1 19 53 -1 53 -1 -2
34 -1 34 61 -1 61 -1 -2
77 -1 -2
2 -1 2 26 -1 2 37 -1 2 123 -1 26 -1 26 37 -1 26 123 -1 37 -1 37 123 -1 123 -1 -2
9 -1 9 16 -1 9 25 -1 9 91 -1 9 168 -1 16 -1 16 25 -1 16 91 -1 16 168 -1 25 -1 25 91 -1 25 168 -1 91 -1 91 168 -1 168 -1 -2
16 -1 -2
113 -1 113 148 -1 148 -1 -2
32 -1 32 42 -1 42 -1 -2
78 -1 -2
16 -1 16 25 -1 16 29 -1 16 112 -1 16 113 -1 25 -1 25 29 -1 25 112 -1 25 113 -1 29 -1 29 112 -1 29 113 -1 112 -1 112 113 -1 113 -1 -2
13 -1 13 61 -1 61 -1 -2
9 -1 9 14 -1 9 121 -1 14 -1 14 121 -1 121 -1 -2
61 -1 -2
112 -1 112 141 -1 141 -1 -2
16 -1 -2
29 -1 29 38 -1 29 73 -1 38 -1 38 73 -1 73 -1 -2
25 -1 25 37 -1 25 52 -1 25 92 -1 25 133 -1 25 138 -1 37 -1 37 52 -1 37 92 -1 37 133 -1 37 138 -1 52 -1 52 92 -1 52 133 -1 52 138 -1 92 -1 92 133 -1 92 138 -1 133 -1 133 138 -1 138 -1 -2
12 -1 12 40 -1 12 61 -1 40 -1 40 61 -1 61 -1 -2
7 -1 -2
9 -1 9 21 -1 9 36 -1 9 52 -1 9 104 -1 9 189 -1 21 -1 21 36 -1 21 52 -1 21 104 -1 21 189 -1 36 -1 36 52 -1 36 104 -1 36 189 -1 52 -1 52 104 -1 52 189 -1 104 -1 104 189 -1 189 -1 -2
36 -1 -2
105 -1 -2
187 -1 -2
9 -1 9 13 -1 9 50 -1 9 53 -1 9 188 -1 13 -1 13 50 -1 13 53 -1 13 188 -1 50 -1 50 53 -1 50 188 -1 53 -1 53 188 -1 188 -1 -2
75 -1 -2
9 -1 9 13 -1 9 37 -1 9 76 -1 9 113 -1 13 -1 13 37 -1 13 76 -1 13 113 -1 37 -1 37 76 -1 37 113 -1 76 -1 76 113 -1 113 -1 -2
61 -1 -2
6 -1 6 17 -1 6 36 -1 6 47 -1 6 64 -1 17 -1 17 36 -1 17 47 -1 17 64 -1 36 -1 36 47 -1 36 64 -1 47 -1 47 64 -1 64 -1 -2
21 -1 21 45 -1 21 51 -1 45 -1 45 51 -1 51 -1 -2
164 -1 -2
56 -1 56 93 -1 56 194 -1 93 -1 93 194 -1 194 -1 -2
14 -1 14 19 -1 14 105 -1 19 -1 19 105 -1 105 -1 -2
6 -1 6 8 -1 6 41 -1 6 64 -1 8 -1 8 41 -1 8 64 -1 41 -1 41 64 -1 64 -1 -2
9 -1 9 64 -1 64 -1 -2
1 -1 1 36 -1 1 182 -1 36 -1 36 182 -1 182 -1 -2
19 -1 19 48 -1 48 -1 -2
17 -1 17 86 -1 86 -1 -2
29 -1 29 37 -1 29 40 -1 37 -1 37 40 -1 40 -1 -2
14 -1 14 187 -1 187 -1 -2
1 -1 -2
1 -1 1 21 -1 1 36 -1 1 92 -1 21 -1 21 36 -1 21 92 -1 36 -1 36 92 -1 92 -1 -2
9 -1 9 36 -1 36 -1 -2
14 -1 14 22 -1 14 63 -1 14 98 -1 22 -1 22 63 -1 22 98 -1 63 -1 63 98 -1 98 -1 -2
9 -1 -2
2 -1 2 24 -1 2 32 -1 2 42 -1 2 92 -1 24 -1 24 32 -1 24 42 -1 24 92 -1 32 -1 32 42 -1 32 92 -1 42 -1 42 92 -1 92 -1 -2
64 -1 64 95 -1 64 133 -1 95 -1 95 133 -1 133 -1 -2
31 -1 31 140 -1 140 -1 -2
44 -1 44 63 -1 63 -1 -2
1 -1 1 14 -1 1 31 -1 1 48 -1 14 -1 14 31 -1 14 48 -1 31 -1 31 48 -1 48 -1 -2
162 -1 162 182 -1 182 -1 -2
61 -1 61 133 -1 133 -1 -2
17 -1 17 92 -1 92 -1 -2
8 -1 -2
7 -1 7 34 -1 7 88 -1 7 177 -1 34 -1 34 88 -1 34 177 -1 88 -1 88 177 -1 177 -1 -2
14 -1 14 31 -1 14 105 -1 31 -1 31 105 -1 105 -1 -2
165 -1 165 176 -1 176 -1 -2
29 -1 29 88 -1 29 132 -1 88 -1 88 132 -1 132 -1 -2
196 -1 -2
17 -1 17 63 -1 17 131 -1 63 -1 63 131 -1 131 -1 -2
131 -1 -2
1 -1 -2
50 -1 50 198 -1 198 -1 -2
105 -1 105 191 -1 191 -1 -2
8 -1 8 41 -1 41 -1 -2
2 -1 -2
1 -1 1 37 -1 1 52 -1 1 86 -1 1 92 -1 1 124 -1 37 -1 37 52 -1 37 86 -1 37 92 -1 37 124 -1 52 -1 52 86 -1 52 92 -1 52 124 -1 86 -1 86 92 -1 86 124 -1 92 -1 92 124 -1 124 -1 -2
25 -1 -2
48 -1 -2
17 -1 17 24 -1 24 -1 -2
9 -1 -2
1 -1 -2
7 -1 7 26 -1 7 34 -1 7 185 -1 26 -1 26 34 -1 26 185 -1 34 -1 34 185 -1 185 -1 -2
8 -1 8 29 -1 8 38 -1 29 -1 29 38 -1 38 -1 -2
13 -1 13 187 -1 187 -1 -2
21 -1 21 53 -1 53 -1 -2
7 -1 7 13 -1 7 76 -1 7 187 -1 13 -1 13 76 -1 13 187 -1 76 -1 76 187 -1 187 -1 -2
1 -1 1 2 -1 1 24 -1 1 77 -1 2 -1 2 24 -1 2 77 -1 24 -1 24 77 -1 77 -1 -2
2 -1 2 113 -1 113 -1 -2
7 -1 7 13 -1 13 -1 -2
2 -1 2 19 -1 2 31 -1 2 48 -1 19 -1 19 31 -1 19 48 -1 31 -1 31 48 -1 48 -1 -2
8 -1 8 65 -1 8 101 -1 8 109 -1 65 -1 65 101 -1 65 109 -1 101 -1 101 109 -1 109 -1 -2
17 -1 -2
6 -1 6 7 -1 6 8 -1 6 9 -1 6 14 -1 6 35 -1 6 36 -1 6 44 -1 6 63 -1 7 -1 7 8 -1 7 9 -1 7 14 -1 7 35 -1 7 36 -1 7 44 -1 7 63 -1 8 -1 8 9 -1 8 14 -1 8 35 -1 8 36 -1 8 44 -1 8 63 -1 9 -1 9 14 -1 9 35 -1 9 36 -1 9 44 -1 9 63 -1 14 -1 14 35 -1 14 36 -1 14 44 -1 14 63 -1 35 -1 35 36 -1 35 44 -1 35 63 -1 36 -1 36 44 -1 36 63 -1 44 -1 44 63 -1 63 -1 -2
99 -1 -2
18 -1 18 47 -1 18 96 -1 47 -1 47 96 -1 96 -1 -2
26 -1 26 50 -1 50 -1 -2
1 -1 1 36 -1 1 86 -1 1 92 -1 1 124 -1 36 -1 36 86 -1 36 92 -1 36 124 -1 86 -1 86 92 -1 86 124 -1 92 -1 92 124 -1 124 -1 -2
1 -1 1 48 -1 1 64 -1 48 -1 48 64 -1 64 -1 -2
80 -1 -2
9 -1 9 16 -1 9 164 -1 16 -1 16 164 -1 164 -1 -2
21 -1 21 181 -1 181 -1 -2
33 -1 33 61 -1 61 -1 -2
9 -1 9 36 -1 9 61 -1 36 -1 36 61 -1 61 -1 -2
164 -1 -2
6 -1 6 8 -1 6 9 -1 6 16 -1 6 21 -1 6 186 -1 8 -1 8 9 -1 8 16 -1 8 21 -1 8 186 -1 9 -1 9 16 -1 9 21 -1 9 186 -1 16 -1 16 21 -1 16 186 -1 21 -1 21 186 -1 186 -1 -2
46 -1 -2
44 -1 44 72 -1 72 -1 -2
14 -1 -2
92 -1 -2
79 -1 79 144 -1 144 -1 -2
75 -1 -2
140 -1 -2
8 -1 8 36 -1 8 38 -1 36 -1 36 38 -1 38 -1 -2
46 -1 46 50 -1 50 -1 -2
21 -1 21 32 -1 21 64 -1 32 -1 32 64 -1 64 -1 -2
13 -1 13 133 -1 13 154 -1 133 -1 133 154 -1 154 -1 -2
16 -1 16 33 -1 33 -1 -2
40 -1 40 43 -1 40 95 -1 40 196 -1 43 -1 43 95 -1 43 196 -1 95 -1 95 196 -1 196 -1 -2
18 -1 -2
9 -1 9 13 -1 13 -1 -2
13 -1 13 108 -1 13 187 -1 108 -1 108 187 -1 187 -1 -2
52 -1 -2
14 -1 14 66 -1 66 -1 -2
1 -1 1 24 -1 1 26 -1 1 182 -1 24 -1 24 26 -1 24 182 -1 26 -1 26 182 -1 182 -1 -2
8 -1 8 47 -1 8 101 -1 47 -1 47 101 -1 101 -1 -2
2 -1 2 9 -1 2 49 -1 9 -1 9 49 -1 49 -1 -2
16 -1 -2
63 -1 63 109 -1 109 -1 -2
75 -1 -2
38 -1 -2
13 -1 13 19 -1 13 35 -1 13 93 -1 19 -1 19 35 -1 19 93 -1 35 -1 35 93 -1 93 -1 -2
19 -1 19 36 -1 19 64 -1 19 198 -1 36 -1 36 64 -1 36 198 -1 64 -1 64 198 -1 198 -1 -2
80 -1 -2
61 -1 -2
2 -1 2 29 -1 2 88 -1 2 181 -1 29 -1 29 88 -1 29 181 -1 88 -1 88 181 -1 181 -1 -2
56 -1 56 139 -1 139 -1 -2
43 -1 43 189 -1 189 -1 -2
7 -1 7 36 -1 7 75 -1 7 78 -1 7 163 -1 7 183 -1 36 -1 36 75 -1 36 78 -1 36 163 -1 36 183 -1 75 -1 75 78 -1 75 163 -1 75 183 -1 78 -1 78 163 -1 78 183 -1 163 -1 163 183 -1 183 -1 -2
37 -1 -2
61 -1 -2
7 -1 7 44 -1 44 -1 -2
7 -1 7 37 -1 7 52 -1 7 130 -1 37 -1 37 52 -1 37 130 -1 52 -1 52 130 -1 130 -1 -2
112 -1 -2
32 -1 32 48 -1 32 144 -1 32 164 -1 48 -1 48 144 -1 48 164 -1 144 -1 144 164 -1 164 -1 -2
32 -1 32 65 -1 65 -1 -2
181 -1 -2
9 -1 9 171 -1 171 -1 -2
17 -1 17 169 -1 169 -1 -2
19 -1 19 36 -1 19 41 -1 19 96 -1 36 -1 36 41 -1 36 96 -1 41 -1 41 96 -1 96 -1 -2
14 -1 14 37 -1 37 -1 -2
13 -1 -2
75 -1 75 117 -1 117 -1 -2
36 -1 36 75 -1 36 93 -1 36 111 -1 75 -1 75 93 -1 75 111 -1 93 -1 93 111 -1 111 -1 -2
21 -1 -2
9 -1 9 29 -1 9 37 -1 9 98 -1 9 152 -1 29 -1 29 37 -1 29 98 -1 29 152 -1 37 -1 37 98 -1 37 152 -1 98 -1 98 152 -1 152 -1 -2
1 -1 1 86 -1 1 124 -1 86 -1 86 124 -1 124 -1 -2
97 -1 -2
9 -1 9 44 -1 9 55 -1 9 121 -1 44 -1 44 55 -1 44 121 -1 55 -1 55 121 -1 121 -1 -2
61 -1 -2
92 -1 -2
6 -1 6 48 -1 6 53 -1 6 108 -1 6 140 -1 48 -1 48 53 -1 48 108 -1 48 140 -1 53 -1 53 108 -1 53 140 -1 108 -1 108 140 -1 140 -1 -2
164 -1 -2
25 -1 25 166 -1 166 -1 -2
93 -1 93 94 -1 94 -1 -2
2 -1 -2
42 -1 42 166 -1 166 -1 -2
199 -1 -2
1 -1 1 36 -1 36 -1 -2
194 -1 -2
8 -1 8 46 -1 8 64 -1 46 -1 46 64 -1 64 -1 -2
50 -1 -2
16 -1 16 71 -1 16 79 -1 71 -1 71 79 -1 79 -1 -2
6 -1 6 8 -1 6 17 -1 8 -1 8 17 -1 17 -1 -2
6 -1 6 24 -1 6 141 -1 24 -1 24 141 -1 141 -1 -2
164 -1 -2
19 -1 -2
7 -1 7 40 -1 7 53 -1 7 76 -1 7 91 -1 40 -1 40 53 -1 40 76 -1 40 91 -1 53 -1 53 76 -1 53 91 -1 76 -1 76 91 -1 91 -1 -2
36 -1 36 140 -1 36 166 -1 140 -1 140 166 -1 166 -1 -2
2 -1 2 21 -1 2 36 -1 2 38 -1 21 -1 21 36 -1 21 38 -1 36 -1 36 38 -1 38 -1 -2
1 -1 1 175 -1 175 -1 -2
21 -1 21 35 -1 21 121 -1 35 -1 35 121 -1 121 -1 -2
29 -1 29 49 -1 49 -1 -2
14 -1 14 19 -1 14 43 -1 14 47 -1 14 64 -1 14 176 -1 19 -1 19 43 -1 19 47 -1 19 64 -1 19 176 -1 43 -1 43 47 -1 43 64 -1 43 176 -1 47 -1 47 64 -1 47 176 -1 64 -1 64 176 -1 176 -1 -2
26 -1 26 53 -1 26 59 -1 53 -1 53 59 -1 59 -1 -2
37 -1 37 52 -1 37 94 -1 52 -1 52 94 -1 94 -1 -2
14 -1 14 98 -1 98 -1 -2
117 -1 117 160 -1 117 181 -1 117 187 -1 160 -1 160 181 -1 160 187 -1 181 -1 181 187 -1 187 -1 -2
12 -1 12 14 -1 14 -1 -2
9 -1 -2
2 -1 2 171 -1 171 -1 -2
1 -1 1 52 -1 52 -1 -2
2 -1 -2
31 -1 -2
37 -1 37 117 -1 117 -1 -2
13 -1 13 112 -1 112 -1 -2
8 -1 8 100 -1 100 -1 -2
19 -1 19 187 -1 187 -1 -2
9 -1 -2
44 -1 -2
53 -1 53 133 -1 53 165 -1 53 187 -1 133 -1 133 165 -1 133 187 -1 165 -1 165 187 -1 187 -1 -2
37 -1 37 40 -1 37 119 -1 40 -1 40 119 -1 119 -1 -2
36 -1 -2
25 -1 25 50 -1 25 164 -1 50 -1 50 164 -1 164 -1 -2
2 -1 2 32 -1 2 50 -1 2 92 -1 2 144 -1 32 -1 32 50 -1 32 92 -1 32 144 -1 50 -1 50 92 -1 50 144 -1 92 -1 92 144 -1 144 -1 -2
88 -1 88 137 -1 137 -1 -2
33 -1 33 88 -1 88 -1 -2
25 -1 25 85 -1 25 186 -1 85 -1 85 186 -1 186 -1 -2
64 -1 64 96 -1 64 164 -1 96 -1 96 164 -1 164 -1 -2
50 -1 50 51 -1 51 -1 -2
21 -1 -2
105 -1 -2
17 -1 17 86 -1 17 107 -1 86 -1 86 107 -1 107 -1 -2
50 -1 50 133 -1 133 -1 -2
18 -1 18 21 -1 18 29 -1 18 63 -1 18 74 -1 21 -1 21 29 -1 21 63 -1 21 74 -1 29 -1 29 63 -1 29 74 -1 63 -1 63 74 -1 74 -1 -2
1 -1 1 17 -1 1 26 -1 1 36 -1 1 43 -1 17 -1 17 26 -1 17 36 -1 17 43 -1 26 -1 26 36 -1 26 43 -1 36 -1 36 43 -1 43 -1 -2
25 -1 25 49 -1 49 -1 -2
2 -1 2 37 -1 2 44 -1 2 75 -1 37 -1 37 44 -1 37 75 -1 44 -1 44 75 -1 75 -1 -2
61 -1 61 75 -1 75 -1 -2
34 -1 34 177 -1 177 -1 -2
8 -1 8 64 -1 8 100 -1 64 -1 64 100 -1 100 -1 -2
32 -1 -2
7 -1 -2
1 -1 1 117 -1 117 -1 -2
78 -1 -2
9 -1 9 19 -1 9 80 -1 19 -1 19 80 -1 80 -1 -2
1 -1 1 7 -1 1 43 -1 7 -1 7 43 -1 43 -1 -2
9 -1 9 14 -1 9 29 -1 9 44 -1 9 88 -1 14 -1 14 29 -1 14 44 -1 14 88 -1 29 -1 29 44 -1 29 88 -1 44 -1 44 88 -1 88 -1 -2
92 -1 -2
56 -1 56 164 -1 56 167 -1 56 188 -1 164 -1 164 167 -1 164 188 -1 167 -1 167 188 -1 188 -1 -2
124 -1 -2
32 -1 -2
8 -1 8 26 -1 8 36 -1 8 100 -1 26 -1 26 36 -1 26 100 -1 36 -1 36 100 -1 100 -1 -2
16 -1 16 55 -1 16 79 -1 55 -1 55 79 -1 79 -1 -2
140 -1 -2
2 -1 2 26 -1 2 86 -1 2 124 -1 2 144 -1 26 -1 26 86 -1 26 124 -1 26 144 -1 86 -1 86 124 -1 86 144 -1 124 -1 124 144 -1 144 -1 -2
52 -1 -2
37 -1 37 124 -1 124 -1 -2
89 -1 89 131 -1 131 -1 -2
9 -1 9 75 -1 75 -1 -2
34 -1 34 35 -1 34 38 -1 34 86 -1 34 124 -1 34 131 -1 35 -1 35 38 -1 35 86 -1 35 124 -1 35 131 -1 38 -1 38 86 -1 38 124 -1 38 131 -1 86 -1 86 124 -1 86 131 -1 124 -1 124 131 -1 131 -1 -2
2 -1 2 56 -1 2 94 -1 2 120 -1 56 -1 56 94 -1 56 120 -1 94 -1 94 120 -1 120 -1 -2
1 -1 1 187 -1 187 -1 -2
43 -1 43 61 -1 43 105 -1 43 175 -1 61 -1 61 105 -1 61 175 -1 105 -1 105 175 -1 175 -1 -2
17 -1 17 25 -1 25 -1 -2
1 -1 1 34 -1 1 182 -1 1 183 -1 34 -1 34 182 -1 34 183 -1 182 -1 182 183 -1 183 -1 -2
12 -1 -2
34 -1 34 37 -1 34 164 -1 37 -1 37 164 -1 164 -1 -2
1 -1 1 45 -1 1 64 -1 45 -1 45 64 -1 64 -1 -2
1 -1 1 47 -1 1 90 -1 1 187 -1 47 -1 47 90 -1 47 187 -1 90 -1 90 187 -1 187 -1 -2
1 -1 -2
13 -1 13 53 -1 13 105 -1 13 121 -1 53 -1 53 105 -1 53 121 -1 105 -1 105 121 -1 121 -1 -2
118 -1 -2
22 -1 22 131 -1 131 -1 -2
43 -1 43 149 -1 149 -1 -2
2 -1 2 37 -1 37 -1 -2
48 -1 48 92 -1 48 105 -1 92 -1 92 105 -1 105 -1 -2
13 -1 -2
38 -1 38 105 -1 105 -1 -2
17 -1 -2
1 -1 1 14 -1 1 44 -1 1 169 -1 14 -1 14 44 -1 14 169 -1 44 -1 44 169 -1 169 -1 -2
171 -1 -2
1 -1 1 9 -1 9 -1 -2
188 -1 -2
141 -1 -2
9 -1 -2
183 -1 -2
9 -1 9 14 -1 9 19 -1 9 36 -1 9 37 -1 14 -1 14 19 -1 14 36 -1 14 37 -1 19 -1 19 36 -1 19 37 -1 36 -1 36 37 -1 37 -1 -2
9 -1 9 13 -1 9 61 -1 9 129 -1 13 -1 13 61 -1 13 129 -1 61 -1 61 129 -1 129 -1 -2
21 -1 21 75 -1 75 -1 -2
1 -1 1 32 -1 1 56 -1 32 -1 32 56 -1 56 -1 -2
13 -1 13 56 -1 13 71 -1 13 169 -1 13 188 -1 56 -1 56 71 -1 56 169 -1 56 188 -1 71 -1 71 169 -1 71 188 -1 169 -1 169 188 -1 188 -1 -2
2 -1 2 34 -1 2 48 -1 2 105 -1 2 133 -1 34 -1 34 48 -1 34 105 -1 34 133 -1 48 -1 48 105 -1 48 133 -1 105 -1 105 133 -1 133 -1 -2
7 -1 7 26 -1 7 34 -1 7 36 -1 7 124 -1 26 -1 26 34 -1 26 36 -1 26 124 -1 34 -1 34 36 -1 34 124 -1 36 -1 36 124 -1 124 -1 -2
17 -1 17 117 -1 117 -1 -2
26 -1 26 40 -1 26 141 -1 26 154 -1 26 183 -1 40 -1 40 141 -1 40 154 -1 40 183 -1 141 -1 141 154 -1 141 183 -1 154 -1 154 183 -1 183 -1 -2
19 -1 19 31 -1 19 37 -1 19 198 -1 31 -1 31 37 -1 31 198 -1 37 -1 37 198 -1 198 -1 -2
13 -1 13 56 -1 13 188 -1 56 -1 56 188 -1 188 -1 -2
181 -1 -2
17 -1 -2
113 -1 -2
7 -1 7 32 -1 32 -1 -2
9 -1 9 13 -1 9 16 -1 9 42 -1 9 168 -1 13 -1 13 16 -1 13 42 -1 13 168 -1 16 -1 16 42 -1 16 168 -1 42 -1 42 168 -1 168 -1 -2
139 -1 -2
56 -1 56 120 -1 120 -1 -2
16 -1 16 32 -1 16 79 -1 16 188 -1 32 -1 32 79 -1 32 188 -1 79 -1 79 188 -1 188 -1 -2
117 -1 -2
6 -1 6 8 -1 6 29 -1 6 132 -1 8 -1 8 29 -1 8 132 -1 29 -1 29 132 -1 132 -1 -2
13 -1 13 112 -1 112 -1 -2
21 -1 21 36 -1 36 -1 -2
37 -1 -2
41 -1 41 63 -1 41 107 -1 63 -1 63 107 -1 107 -1 -2
19 -1 19 63 -1 19 160 -1 19 183 -1 63 -1 63 160 -1 63 183 -1 160 -1 160 183 -1 183 -1 -2
47 -1 47 64 -1 47 129 -1 47 133 -1 64 -1 64 129 -1 64 133 -1 129 -1 129 133 -1 133 -1 -2
1 -1 -2
133 -1 -2
18 -1 -2
14 -1 14 41 -1 14 187 -1 41 -1 41 187 -1 187 -1 -2
7 -1 7 49 -1 49 -1 -2
7 -1 7 17 -1 7 19 -1 7 36 -1 17 -1 17 19 -1 17 36 -1 19 -1 19 36 -1 36 -1 -2
139 -1 -2
21 -1 21 56 -1 21 80 -1 21 188 -1 56 -1 56 80 -1 56 188 -1 80 -1 80 188 -1 188 -1 -2
22 -1 -2
9 -1 -2
12 -1 12 86 -1 12 88 -1 12 92 -1 12 124 -1 86 -1 86 88 -1 86 92 -1 86 124 -1 88 -1 88 92 -1 88 124 -1 92 -1 92 124 -1 124 -1 -2
1 -1 1 52 -1 1 168 -1 52 -1 52 168 -1 168 -1 -2
13 -1 13 117 -1 13 175 -1 117 -1 117 175 -1 175 -1 -2
9 -1 9 50 -1 50 -1 -2
47 -1 47 108 -1 108 -1 -2
53 -1 53 76 -1 76 -1 -2
9 -1 9 16 -1 9 34 -1 16 -1 16 34 -1 34 -1 -2
2 -1 2 181 -1 181 -1 -2
13 -1 13 40 -1 13 55 -1 40 -1 40 55 -1 55 -1 -2
80 -1 -2
17 -1 -2
9 -1 9 12 -1 9 37 -1 9 194 -1 12 -1 12 37 -1 12 194 -1 37 -1 37 194 -1 194 -1 -2
1 -1 1 21 -1 1 69 -1 21 -1 21 69 -1 69 -1 -2
29 -1 29 37 -1 29 88 -1 37 -1 37 88 -1 88 -1 -2
6 -1 6 16 -1 6 34 -1 16 -1 16 34 -1 34 -1 -2
9 -1 9 16 -1 9 85 -1 16 -1 16 85 -1 85 -1 -2
48 -1 48 51 -1 51 -1 -2
29 -1 -2
56 -1 56 93 -1 93 -1 -2
29 -1 29 112 -1 112 -1 -2
7 -1 -2
9 -1 9 18 -1 9 137 -1 9 199 -1 18 -1 18 137 -1 18 199 -1 137 -1 137 199 -1 199 -1 -2
1 -1 1 7 -1 1 26 -1 1 36 -1 1 52 -1 7 -1 7 26 -1 7 36 -1 7 52 -1 26 -1 26 36 -1 26 52 -1 36 -1 36 52 -1 52 -1 -2
44 -1 -2
44 -1 44 55 -1 44 133 -1 55 -1 55 133 -1 133 -1 -2
49 -1 49 189 -1 189 -1 -2
26 -1 -2
26 -1 26 48 -1 48 -1 -2
40 -1 40 43 -1 40 61 -1 40 105 -1 40 187 -1 43 -1 43 61 -1 43 105 -1 43 187 -1 61 -1 61 105 -1 61 187 -1 105 -1 105 187 -1 187 -1 -2
34 -1 34 37 -1 34 166 -1 34 188 -1 37 -1 37 166 -1 37 188 -1 166 -1 166 188 -1 188 -1 -2
50 -1 -2
137 -1 -2
107 -1 -2
17 -1 17 25 -1 17 78 -1 25 -1 25 78 -1 78 -1 -2
1 -1 1 7 -1 1 92 -1 7 -1 7 92 -1 92 -1 -2
50 -1 -2
19 -1 19 70 -1 70 -1 -2
1 -1 1 9 -1 1 12 -1 1 18 -1 1 35 -1 1 72 -1 9 -1 9 12 -1 9 18 -1 9 35 -1 9 72 -1 12 -1 12 18 -1 12 35 -1 12 72 -1 18 -1 18 35 -1 18 72 -1 35 -1 35 72 -1 72 -1 -2
61 -1 -2
16 -1 16 42 -1 16 94 -1 16 97 -1 42 -1 42 94 -1 42 97 -1 94 -1 94 97 -1 97 -1 -2
17 -1 17 25 -1 17 70 -1 17 182 -1 25 -1 25 70 -1 25 182 -1 70 -1 70 182 -1 182 -1 -2
17 -1 17 25 -1 25 -1 -2
52 -1 52 91 -1 91 -1 -2
2 -1 2 41 -1 2 70 -1 2 79 -1 2 109 -1 41 -1 41 70 -1 41 79 -1 41 109 -1 70 -1 70 79 -1 70 109 -1 79 -1 79 109 -1 109 -1 -2
24 -1 24 78 -1 78 -1 -2
16 -1 16 44 -1 16 63 -1 16 194 -1 44 -1 44 63 -1 44 194 -1 63 -1 63 194 -1 194 -1 -2
25 -1 -2
112 -1 -2
31 -1 31 41 -1 41 -1 -2
36 -1 36 38 -1 36 180 -1 38 -1 38 180 -1 180 -1 -2
29 -1 29 144 -1 144 -1 -2
118 -1 118 148 -1 148 -1 -2
1 -1 1 36 -1 1 187 -1 36 -1 36 187 -1 187 -1 -2
42 -1 42 112 -1 112 -1 -2
48 -1 -2
16 -1 16 25 -1 16 51 -1 25 -1 25 51 -1 51 -1 -2
124 -1 -2
63 -1 63 191 -1 191 -1 -2
13 -1 13 53 -1 13 133 -1 13 187 -1 53 -1 53 133 -1 53 187 -1 133 -1 133 187 -1 187 -1 -2
47 -1 47 48 -1 47 55 -1 47 63 -1 47 133 -1 48 -1 48 55 -1 48 63 -1 48 133 -1 55 -1 55 63 -1 55 133 -1 63 -1 63 133 -1 133 -1 -2
61 -1 61 187 -1 187 -1 -2
31 -1 31 112 -1 112 -1 -2
8 -1 8 101 -1 8 189 -1 101 -1 101 189 -1 189 -1 -2
63 -1 -2
14 -1 14 45 -1 45 -1 -2
140 -1 140 165 -1 165 -1 -2
8 -1 8 36 -1 36 -1 -2
7 -1 7 42 -1 7 53 -1 7 124 -1 42 -1 42 53 -1 42 124 -1 53 -1 53 124 -1 124 -1 -2
7 -1 7 24 -1 24 -1 -2
63 -1 63 99 -1 63 189 -1 99 -1 99 189 -1 189 -1 -2
16 -1 16 17 -1 16 65 -1 17 -1 17 65 -1 65 -1 -2
37 -1 37 45 -1 37 98 -1 45 -1 45 98 -1 98 -1 -2
61 -1 61 187 -1 187 -1 -2
50 -1 -2
99 -1 99 166 -1 166 -1 -2
2 -1 2 50 -1 2 56 -1 2 188 -1 50 -1 50 56 -1 50 188 -1 56 -1 56 188 -1 188 -1 -2
18 -1 18 32 -1 18 183 -1 32 -1 32 183 -1 183 -1 -2
1 -1 1 52 -1 1 139 -1 52 -1 52 139 -1 139 -1 -2
7 -1 -2
141 -1 -2
29 -1 -2
1 -1 1 2 -1 1 61 -1 1 181 -1 2 -1 2 61 -1 2 181 -1 61 -1 61 181 -1 181 -1 -2
1 -1 1 22 -1 1 38 -1 1 80 -1 22 -1 22 38 -1 22 80 -1 38 -1 38 80 -1 80 -1 -2
38 -1 -2
17 -1 17 117 -1 117 -1 -2
12 -1 12 16 -1 12 29 -1 16 -1 16 29 -1 29 -1 -2
105 -1 -2
24 -1 -2
9 -1 -2
8 -1 8 162 -1 162 -1 -2
16 -1 16 29 -1 16 134 -1 29 -1 29 134 -1 134 -1 -2
25 -1 25 55 -1 25 92 -1 55 -1 55 92 -1 92 -1 -2
17 -1 17 92 -1 17 108 -1 92 -1 92 108 -1 108 -1 -2
32 -1 32 169 -1 169 -1 -2
19 -1 19 175 -1 175 -1 -2
7 -1 7 53 -1 7 183 -1 53 -1 53 183 -1 183 -1 -2
14 -1 14 34 -1 14 48 -1 14 109 -1 34 -1 34 48 -1 34 109 -1 48 -1 48 109 -1 109 -1 -2
35 -1 35 43 -1 35 133 -1 43 -1 43 133 -1 133 -1 -2
14 -1 -2
2 -1 -2
169 -1 -2
48 -1 -2
26 -1 26 35 -1 26 49 -1 26 169 -1 35 -1 35 49 -1 35 169 -1 49 -1 49 169 -1 169 -1 -2
2 -1 2 8 -1 2 34 -1 8 -1 8 34 -1 34 -1 -2
154 -1 154 183 -1 183 -1 -2
7 -1 7 113 -1 7 141 -1 113 -1 113 141 -1 141 -1 -2
29 -1 29 31 -1 31 -1 -2
50 -1 50 93 -1 50 169 -1 93 -1 93 169 -1 169 -1 -2
40 -1 40 61 -1 40 196 -1 61 -1 61 196 -1 196 -1 -2
25 -1 -2
2 -1 2 7 -1 2 24 -1 2 188 -1 7 -1 7 24 -1 7 188 -1 24 -1 24 188 -1 188 -1 -2
26 -1 26 92 -1 26 182 -1 92 -1 92 182 -1 182 -1 -2
12 -1 -2
21 -1 21 163 -1 21 166 -1 21 198 -1 163 -1 163 166 -1 163 198 -1 166 -1 166 198 -1 198 -1 -2
7 -1 7 18 -1 7 37 -1 7 74 -1 18 -1 18 37 -1 18 74 -1 37 -1 37 74 -1 74 -1 -2
1 -1 1 64 -1 64 -1 -2
7 -1 -2
1 -1 1 47 -1 47 -1 -2
32 -1 32 43 -1 32 51 -1 43 -1 43 51 -1 51 -1 -2
34 -1 34 35 -1 34 163 -1 35 -1 35 163 -1 163 -1 -2
1 -1 1 64 -1 1 95 -1 64 -1 64 95 -1 95 -1 -2
16 -1 16 17 -1 16 65 -1 17 -1 17 65 -1 65 -1 -2
6 -1 6 7 -1 7 -1 -2
38 -1 38 73 -1 73 -1 -2
108 -1 -2