6 -1 -2
2 -1 2 24 -1 2 43 -1 24 -1 24 43 -1 43 -1 -2
17 -1 17 21 -1 17 42 -1 17 53 -1 17 177 -1 21 -1 21 42 -1 21 53 -1 21 177 -1 42 -1 42 53 -1 42 177 -1 53 -1 53 177 -1 177 -1 -2
48 -1 48 78 -1 48 89 -1 48 137 -1 78 -1 78 89 -1 78 137 -1 89 -1 89 137 -1 137 -1 -2
22 -1 22 52 -1 52 -1 -2
7 -1 7 8 -1 7 47 -1 8 -1 8 47 -1 47 -1 -2
9 -1 9 13 -1 9 16 -1 9 48 -1 9 66 -1 9 134 -1 13 -1 13 16 -1 13 48 -1 13 66 -1 13 134 -1 16 -1 16 48 -1 16 66 -1 16 134 -1 48 -1 48 66 -1 48 134 -1 66 -1 66 134 -1 134 -1 -2
1 -1 1 16 -1 1 18 -1 1 123 -1 16 -1 16 18 -1 16 123 -1 18 -1 18 123 -1 123 -1 -2
6 -1 6 7 -1 6 18 -1 6 139 -1 6 167 -1 7 -1 7 18 -1 7 139 -1 7 167 -1 18 -1 18 139 -1 18 167 -1 139 -1 139 167 -1 167 -1 -2
8 -1 8 18 -1 8 47 -1 8 74 -1 8 130 -1 8 133 -1 18 -1 18 47 -1 18 74 -1 18 130 -1 18 133 -1 47 -1 47 74 -1 47 130 -1 47 133 -1 74 -1 74 130 -1 74 133 -1 130 -1 130 133 -1 133 -1 -2
1 -1 1 2 -1 1 37 -1 1 96 -1 2 -1 2 37 -1 2 96 -1 37 -1 37 96 -1 96 -1 -2
1 -1 1 2 -1 1 6 -1 1 7 -1 1 9 -1 1 12 -1 1 25 -1 1 45 -1 2 -1 2 6 -1 2 7 -1 2 9 -1 2 12 -1 2 25 -1 2 45 -1 6 -1 6 7 -1 6 9 -1 6 12 -1 6 25 -1 6 45 -1 7 -1 7 9 -1 7 12 -1 7 25 -1 7 45 -1 9 -1 9 12 -1 9 25 -1 9 45 -1 12 -1 12 25 -1 12 45 -1 25 -1 25 45 -1 45 -1 -2
25 -1 25 33 -1 25 69 -1 33 -1 33 69 -1 69 -1 -2
19 -1 19 55 -1 19 76 -1 19 105 -1 55 -1 55 76 -1 55 105 -1 76 -1 76 105 -1 105 -1 -2
8 -1 8 17 -1 17 -1 -2
2 -1 2 13 -1 2 25 -1 2 31 -1 2 37 -1 2 112 -1 2 123 -1 13 -1 13 25 -1 13 31 -1 13 37 -1 13 112 -1 13 123 -1 25 -1 25 31 -1 25 37 -1 25 112 -1 25 123 -1 31 -1 31 37 -1 31 112 -1 31 123 -1 37 -1 37 112 -1 37 123 -1 112 -1 112 123 -1 123 -1 -2
44 -1 -2
194 -1 -2
13 -1 13 41 -1 13 42 -1 13 43 -1 13 53 -1 13 55 -1 13 134 -1 41 -1 41 42 -1 41 43 -1 41 53 -1 41 55 -1 41 134 -1 42 -1 42 43 -1 42 53 -1 42 55 -1 42 134 -1 43 -1 43 53 -1 43 55 -1 43 134 -1 53 -1 53 55 -1 53 134 -1 55 -1 55 134 -1 134 -1 -2
112 -1 -2
70 -1 70 76 -1 70 89 -1 76 -1 76 89 -1 89 -1 -2
2 -1 2 9 -1 2 25 -1 2 34 -1 2 40 -1 2 61 -1 2 69 -1 2 123 -1 9 -1 9 25 -1 9 34 -1 9 40 -1 9 61 -1 9 69 -1 9 123 -1 25 -1 25 34 -1 25 40 -1 25 61 -1 25 69 -1 25 123 -1 34 -1 34 40 -1 34 61 -1 34 69 -1 34 123 -1 40 -1 40 61 -1 40 69 -1 40 123 -1 61 -1 61 69 -1 61 123 -1 69 -1 69 123 -1 123 -1 -2
6 -1 6 7 -1 6 13 -1 6 38 -1 7 -1 7 13 -1 7 38 -1 13 -1 13 38 -1 38 -1 -2
35 -1 -2
78 -1 -2
21 -1 21 44 -1 21 112 -1 44 -1 44 112 -1 112 -1 -2
38 -1 38 47 -1 47 -1 -2
33 -1 33 49 -1 33 143 -1 49 -1 49 143 -1 143 -1 -2
2 -1 2 29 -1 2 40 -1 2 61 -1 2 73 -1 2 139 -1 29 -1 29 40 -1 29 61 -1 29 73 -1 29 139 -1 40 -1 40 61 -1 40 73 -1 40 139 -1 61 -1 61 73 -1 61 139 -1 73 -1 73 139 -1 139 -1 -2
56 -1 -2
25 -1 25 56 -1 56 -1 -2
56 -1 -2
13 -1 13 16 -1 13 42 -1 16 -1 16 42 -1 42 -1 -2
18 -1 18 41 -1 18 44 -1 18 63 -1 18 77 -1 41 -1 41 44 -1 41 63 -1 41 77 -1 44 -1 44 63 -1 44 77 -1 63 -1 63 77 -1 77 -1 -2
8 -1 8 18 -1 8 29 -1 8 47 -1 8 130 -1 8 132 -1 8 189 -1 18 -1 18 29 -1 18 47 -1 18 130 -1 18 132 -1 18 189 -1 29 -1 29 47 -1 29 130 -1 29 132 -1 29 189 -1 47 -1 47 130 -1 47 132 -1 47 189 -1 130 -1 130 132 -1 130 189 -1 132 -1 132 189 -1 189 -1 -2
7 -1 7 46 -1 7 66 -1 7 189 -1 46 -1 46 66 -1 46 189 -1 66 -1 66 189 -1 189 -1 -2
1 -1 1 2 -1 1 14 -1 1 21 -1 1 109 -1 1 118 -1 2 -1 2 14 -1 2 21 -1 2 109 -1 2 118 -1 14 -1 14 21 -1 14 109 -1 14 118 -1 21 -1 21 109 -1 21 118 -1 109 -1 109 118 -1 118 -1 -2
18 -1 18 48 -1 18 50 -1 18 196 -1 48 -1 48 50 -1 48 196 -1 50 -1 50 196 -1 196 -1 -2
8 -1 8 38 -1 8 47 -1 8 100 -1 8 169 -1 38 -1 38 47 -1 38 100 -1 38 169 -1 47 -1 47 100 -1 47 169 -1 100 -1 100 169 -1 169 -1 -2
14 -1 14 95 -1 14 109 -1 95 -1 95 109 -1 109 -1 -2
1 -1 1 6 -1 1 7 -1 1 16 -1 1 61 -1 1 65 -1 1 139 -1 1 141 -1 6 -1 6 7 -1 6 16 -1 6 61 -1 6 65 -1 6 139 -1 6 141 -1 7 -1 7 16 -1 7 61 -1 7 65 -1 7 139 -1 7 141 -1 16 -1 16 61 -1 16 65 -1 16 139 -1 16 141 -1 61 -1 61 65 -1 61 139 -1 61 141 -1 65 -1 65 139 -1 65 141 -1 139 -1 139 141 -1 141 -1 -2
18 -1 18 26 -1 18 97 -1 26 -1 26 97 -1 97 -1 -2
1 -1 1 9 -1 1 40 -1 1 49 -1 1 66 -1 1 77 -1 9 -1 9 40 -1 9 49 -1 9 66 -1 9 77 -1 40 -1 40 49 -1 40 66 -1 40 77 -1 49 -1 49 66 -1 49 77 -1 66 -1 66 77 -1 77 -1 -2
7 -1 -2
19 -1 19 32 -1 19 56 -1 19 98 -1 32 -1 32 56 -1 32 98 -1 56 -1 56 98 -1 98 -1 -2
48 -1 48 70 -1 70 -1 -2
25 -1 25 29 -1 25 41 -1 25 49 -1 25 61 -1 25 88 -1 25 134 -1 25 194 -1 29 -1 29 41 -1 29 49 -1 29 61 -1 29 88 -1 29 134 -1 29 194 -1 41 -1 41 49 -1 41 61 -1 41 88 -1 41 134 -1 41 194 -1 49 -1 49 61 -1 49 88 -1 49 134 -1 49 194 -1 61 -1 61 88 -1 61 134 -1 61 194 -1 88 -1 88 134 -1 88 194 -1 134 -1 134 194 -1 194 -1 -2
8 -1 8 21 -1 8 132 -1 21 -1 21 132 -1 132 -1 -2
38 -1 38 74 -1 74 -1 -2
94 -1 94 98 -1 94 169 -1 98 -1 98 169 -1 169 -1 -2
24 -1 24 183 -1 183 -1 -2
40 -1 40 52 -1 40 180 -1 52 -1 52 180 -1 180 -1 -2
6 -1 6 35 -1 6 129 -1 6 176 -1 35 -1 35 129 -1 35 176 -1 129 -1 129 176 -1 176 -1 -2
52 -1 -2
25 -1 25 56 -1 25 98 -1 25 188 -1 56 -1 56 98 -1 56 188 -1 98 -1 98 188 -1 188 -1 -2
6 -1 6 16 -1 6 32 -1 6 33 -1 6 65 -1 16 -1 16 32 -1 16 33 -1 16 65 -1 32 -1 32 33 -1 32 65 -1 33 -1 33 65 -1 65 -1 -2
2 -1 2 99 -1 2 154 -1 99 -1 99 154 -1 154 -1 -2
8 -1 8 9 -1 8 40 -1 8 66 -1 9 -1 9 40 -1 9 66 -1 40 -1 40 66 -1 66 -1 -2
1 -1 1 6 -1 1 32 -1 1 33 -1 1 34 -1 1 138 -1 1 151 -1 1 194 -1 6 -1 6 32 -1 6 33 -1 6 34 -1 6 138 -1 6 151 -1 6 194 -1 32 -1 32 33 -1 32 34 -1 32 138 -1 32 151 -1 32 194 -1 33 -1 33 34 -1 33 138 -1 33 151 -1 33 194 -1 34 -1 34 138 -1 34 151 -1 34 194 -1 138 -1 138 151 -1 138 194 -1 151 -1 151 194 -1 194 -1 -2
63 -1 63 70 -1 70 -1 -2
2 -1 -2
9 -1 9 137 -1 137 -1 -2
45 -1 45 141 -1 45 183 -1 141 -1 141 183 -1 183 -1 -2
2 -1 2 21 -1 2 26 -1 2 37 -1 2 74 -1 21 -1 21 26 -1 21 37 -1 21 74 -1 26 -1 26 37 -1 26 74 -1 37 -1 37 74 -1 74 -1 -2
2 -1 2 8 -1 2 29 -1 2 49 -1 2 64 -1 2 139 -1 2 189 -1 8 -1 8 29 -1 8 49 -1 8 64 -1 8 139 -1 8 189 -1 29 -1 29 49 -1 29 64 -1 29 139 -1 29 189 -1 49 -1 49 64 -1 49 139 -1 49 189 -1 64 -1 64 139 -1 64 189 -1 139 -1 139 189 -1 189 -1 -2
65 -1 -2
2 -1 2 50 -1 50 -1 -2
6 -1 6 32 -1 6 75 -1 6 114 -1 6 119 -1 6 180 -1 32 -1 32 75 -1 32 114 -1 32 119 -1 32 180 -1 75 -1 75 114 -1 75 119 -1 75 180 -1 114 -1 114 119 -1 114 180 -1 119 -1 119 180 -1 180 -1 -2
7 -1 7 17 -1 7 33 -1 7 177 -1 17 -1 17 33 -1 17 177 -1 33 -1 33 177 -1 177 -1 -2
1 -1 1 37 -1 1 116 -1 1 141 -1 37 -1 37 116 -1 37 141 -1 116 -1 116 141 -1 141 -1 -2
8 -1 8 47 -1 47 -1 -2
6 -1 6 35 -1 35 -1 -2
2 -1 2 7 -1 2 13 -1 2 41 -1 2 42 -1 2 48 -1 2 134 -1 2 143 -1 7 -1 7 13 -1 7 41 -1 7 42 -1 7 48 -1 7 134 -1 7 143 -1 13 -1 13 41 -1 13 42 -1 13 48 -1 13 134 -1 13 143 -1 41 -1 41 42 -1 41 48 -1 41 134 -1 41 143 -1 42 -1 42 48 -1 42 134 -1 42 143 -1 48 -1 48 134 -1 48 143 -1 134 -1 134 143 -1 143 -1 -2
24 -1 24 52 -1 24 169 -1 52 -1 52 169 -1 169 -1 -2
18 -1 18 95 -1 18 171 -1 95 -1 95 171 -1 171 -1 -2
17 -1 17 196 -1 196 -1 -2
2 -1 2 14 -1 2 19 -1 2 29 -1 2 52 -1 2 104 -1 2 163 -1 2 171 -1 14 -1 14 19 -1 14 29 -1 14 52 -1 14 104 -1 14 163 -1 14 171 -1 19 -1 19 29 -1 19 52 -1 19 104 -1 19 163 -1 19 171 -1 29 -1 29 52 -1 29 104 -1 29 163 -1 29 171 -1 52 -1 52 104 -1 52 163 -1 52 171 -1 104 -1 104 163 -1 104 171 -1 163 -1 163 171 -1 171 -1 -2
7 -1 7 16 -1 7 17 -1 7 65 -1 16 -1 16 17 -1 16 65 -1 17 -1 17 65 -1 65 -1 -2
6 -1 6 53 -1 6 162 -1 53 -1 53 162 -1 162 -1 -2
7 -1 7 16 -1 7 149 -1 16 -1 16 149 -1 149 -1 -2
8 -1 8 40 -1 8 47 -1 8 74 -1 8 133 -1 40 -1 40 47 -1 40 74 -1 40 133 -1 47 -1 47 74 -1 47 133 -1 74 -1 74 133 -1 133 -1 -2
21 -1 21 79 -1 21 149 -1 79 -1 79 149 -1 149 -1 -2
9 -1 9 16 -1 9 164 -1 16 -1 16 164 -1 164 -1 -2
41 -1 41 130 -1 41 134 -1 130 -1 130 134 -1 134 -1 -2
6 -1 6 13 -1 6 152 -1 13 -1 13 152 -1 152 -1 -2
24 -1 24 34 -1 24 69 -1 24 180 -1 34 -1 34 69 -1 34 180 -1 69 -1 69 180 -1 180 -1 -2
94 -1 -2
1 -1 1 64 -1 1 133 -1 64 -1 64 133 -1 133 -1 -2
44 -1 44 61 -1 61 -1 -2
13 -1 13 41 -1 13 49 -1 41 -1 41 49 -1 49 -1 -2
2 -1 2 9 -1 2 19 -1 2 21 -1 2 94 -1 9 -1 9 19 -1 9 21 -1 9 94 -1 19 -1 19 21 -1 19 94 -1 21 -1 21 94 -1 94 -1 -2
7 -1 7 9 -1 7 64 -1 7 131 -1 9 -1 9 64 -1 9 131 -1 64 -1 64 131 -1 131 -1 -2
8 -1 8 25 -1 8 70 -1 8 138 -1 25 -1 25 70 -1 25 138 -1 70 -1 70 138 -1 138 -1 -2
56 -1 56 120 -1 56 168 -1 120 -1 120 168 -1 168 -1 -2
33 -1 33 49 -1 33 137 -1 33 171 -1 49 -1 49 137 -1 49 171 -1 137 -1 137 171 -1 171 -1 -2
8 -1 8 49 -1 49 -1 -2
9 -1 9 34 -1 9 44 -1 9 47 -1 9 199 -1 34 -1 34 44 -1 34 47 -1 34 199 -1 44 -1 44 47 -1 44 199 -1 47 -1 47 199 -1 199 -1 -2
9 -1 9 43 -1 43 -1 -2
8 -1 8 14 -1 8 44 -1 14 -1 14 44 -1 44 -1 -2
52 -1 -2
56 -1 56 177 -1 177 -1 -2
6 -1 6 7 -1 6 162 -1 7 -1 7 162 -1 162 -1 -2
21 -1 -2
8 -1 8 47 -1 8 52 -1 8 130 -1 8 167 -1 47 -1 47 52 -1 47 130 -1 47 167 -1 52 -1 52 130 -1 52 167 -1 130 -1 130 167 -1 167 -1 -2
7 -1 7 113 -1 7 138 -1 113 -1 113 138 -1 138 -1 -2
44 -1 44 97 -1 44 113 -1 97 -1 97 113 -1 113 -1 -2
73 -1 -2
186 -1 -2
6 -1 6 14 -1 6 45 -1 6 66 -1 6 96 -1 6 114 -1 14 -1 14 45 -1 14 66 -1 14 96 -1 14 114 -1 45 -1 45 66 -1 45 96 -1 45 114 -1 66 -1 66 96 -1 66 114 -1 96 -1 96 114 -1 114 -1 -2
7 -1 7 52 -1 7 76 -1 7 182 -1 52 -1 52 76 -1 52 182 -1 76 -1 76 182 -1 182 -1 -2
139 -1 -2
85 -1 -2
14 -1 14 34 -1 14 74 -1 14 154 -1 34 -1 34 74 -1 34 154 -1 74 -1 74 154 -1 154 -1 -2
7 -1 7 9 -1 7 13 -1 7 16 -1 7 41 -1 7 50 -1 7 93 -1 7 134 -1 7 143 -1 9 -1 9 13 -1 9 16 -1 9 41 -1 9 50 -1 9 93 -1 9 134 -1 9 143 -1 13 -1 13 16 -1 13 41 -1 13 50 -1 13 93 -1 13 134 -1 13 143 -1 16 -1 16 41 -1 16 50 -1 16 93 -1 16 134 -1 16 143 -1 41 -1 41 50 -1 41 93 -1 41 134 -1 41 143 -1 50 -1 50 93 -1 50 134 -1 50 143 -1 93 -1 93 134 -1 93 143 -1 134 -1 134 143 -1 143 -1 -2
7 -1 7 8 -1 7 14 -1 7 40 -1 7 55 -1 8 -1 8 14 -1 8 40 -1 8 55 -1 14 -1 14 40 -1 14 55 -1 40 -1 40 55 -1 55 -1 -2
14 -1 14 35 -1 14 44 -1 14 49 -1 35 -1 35 44 -1 35 49 -1 44 -1 44 49 -1 49 -1 -2
14 -1 14 37 -1 14 40 -1 14 44 -1 37 -1 37 40 -1 37 44 -1 40 -1 40 44 -1 44 -1 -2
2 -1 2 6 -1 2 9 -1 2 25 -1 2 48 -1 2 92 -1 2 141 -1 2 179 -1 6 -1 6 9 -1 6 25 -1 6 48 -1 6 92 -1 6 141 -1 6 179 -1 9 -1 9 25 -1 9 48 -1 9 92 -1 9 141 -1 9 179 -1 25 -1 25 48 -1 25 92 -1 25 141 -1 25 179 -1 48 -1 48 92 -1 48 141 -1 48 179 -1 92 -1 92 141 -1 92 179 -1 141 -1 141 179 -1 179 -1 -2
16 -1 16 56 -1 56 -1 -2
17 -1 17 40 -1 17 131 -1 17 154 -1 40 -1 40 131 -1 40 154 -1 131 -1 131 154 -1 154 -1 -2
6 -1 6 77 -1 77 -1 -2
29 -1 29 37 -1 29 88 -1 29 113 -1 29 180 -1 29 189 -1 37 -1 37 88 -1 37 113 -1 37 180 -1 37 189 -1 88 -1 88 113 -1 88 180 -1 88 189 -1 113 -1 113 180 -1 113 189 -1 180 -1 180 189 -1 189 -1 -2
8 -1 8 44 -1 8 45 -1 8 55 -1 8 86 -1 8 177 -1 44 -1 44 45 -1 44 55 -1 44 86 -1 44 177 -1 45 -1 45 55 -1 45 86 -1 45 177 -1 55 -1 55 86 -1 55 177 -1 86 -1 86 177 -1 177 -1 -2
43 -1 43 80 -1 43 108 -1 80 -1 80 108 -1 108 -1 -2
8 -1 8 47 -1 8 50 -1 8 189 -1 47 -1 47 50 -1 47 189 -1 50 -1 50 189 -1 189 -1 -2
55 -1 55 189 -1 189 -1 -2
8 -1 8 49 -1 49 -1 -2
47 -1 47 51 -1 51 -1 -2
8 -1 8 18 -1 8 47 -1 8 100 -1 18 -1 18 47 -1 18 100 -1 47 -1 47 100 -1 100 -1 -2
8 -1 8 61 -1 8 63 -1 8 72 -1 61 -1 61 63 -1 61 72 -1 63 -1 63 72 -1 72 -1 -2
1 -1 -2
56 -1 56 169 -1 56 188 -1 169 -1 169 188 -1 188 -1 -2
25 -1 25 48 -1 25 69 -1 25 74 -1 48 -1 48 69 -1 48 74 -1 69 -1 69 74 -1 74 -1 -2
6 -1 6 32 -1 6 56 -1 32 -1 32 56 -1 56 -1 -2
2 -1 2 45 -1 45 -1 -2
18 -1 18 19 -1 18 131 -1 19 -1 19 131 -1 131 -1 -2
6 -1 6 29 -1 6 32 -1 6 112 -1 6 141 -1 29 -1 29 32 -1 29 112 -1 29 141 -1 32 -1 32 112 -1 32 141 -1 112 -1 112 141 -1 141 -1 -2
7 -1 7 37 -1 7 56 -1 7 120 -1 7 149 -1 37 -1 37 56 -1 37 120 -1 37 149 -1 56 -1 56 120 -1 56 149 -1 120 -1 120 149 -1 149 -1 -2
37 -1 37 71 -1 71 -1 -2
8 -1 -2
17 -1 17 25 -1 17 37 -1 25 -1 25 37 -1 37 -1 -2
2 -1 -2
48 -1 48 163 -1 163 -1 -2
29 -1 29 41 -1 29 50 -1 29 66 -1 29 93 -1 29 134 -1 41 -1 41 50 -1 41 66 -1 41 93 -1 41 134 -1 50 -1 50 66 -1 50 93 -1 50 134 -1 66 -1 66 93 -1 66 134 -1 93 -1 93 134 -1 134 -1 -2
16 -1 16 24 -1 16 33 -1 16 65 -1 16 97 -1 16 113 -1 24 -1 24 33 -1 24 65 -1 24 97 -1 24 113 -1 33 -1 33 65 -1 33 97 -1 33 113 -1 65 -1 65 97 -1 65 113 -1 97 -1 97 113 -1 113 -1 -2
18 -1 18 96 -1 96 -1 -2
6 -1 6 52 -1 6 140 -1 6 149 -1 6 171 -1 52 -1 52 140 -1 52 149 -1 52 171 -1 140 -1 140 149 -1 140 171 -1 149 -1 149 171 -1 171 -1 -2
1 -1 1 52 -1 1 61 -1 52 -1 52 61 -1 61 -1 -2
8 -1 8 18 -1 18 -1 -2
26 -1 26 94 -1 94 -1 -2
41 -1 41 134 -1 134 -1 -2
6 -1 -2
2 -1 2 70 -1 2 88 -1 2 189 -1 70 -1 70 88 -1 70 189 -1 88 -1 88 189 -1 189 -1 -2
8 -1 8 16 -1 8 25 -1 8 34 -1 8 37 -1 8 52 -1 8 164 -1 16 -1 16 25 -1 16 34 -1 16 37 -1 16 52 -1 16 164 -1 25 -1 25 34 -1 25 37 -1 25 52 -1 25 164 -1 34 -1 34 37 -1 34 52 -1 34 164 -1 37 -1 37 52 -1 37 164 -1 52 -1 52 164 -1 164 -1 -2
7 -1 7 13 -1 7 79 -1 7 134 -1 13 -1 13 79 -1 13 134 -1 79 -1 79 134 -1 134 -1 -2
13 -1 13 34 -1 13 69 -1 13 160 -1 13 187 -1 34 -1 34 69 -1 34 160 -1 34 187 -1 69 -1 69 160 -1 69 187 -1 160 -1 160 187 -1 187 -1 -2
6 -1 6 91 -1 91 -1 -2
9 -1 9 73 -1 9 77 -1 73 -1 73 77 -1 77 -1 -2
33 -1 33 42 -1 33 80 -1 33 134 -1 42 -1 42 80 -1 42 134 -1 80 -1 80 134 -1 134 -1 -2
14 -1 -2
8 -1 8 14 -1 8 17 -1 8 79 -1 8 90 -1 14 -1 14 17 -1 14 79 -1 14 90 -1 17 -1 17 79 -1 17 90 -1 79 -1 79 90 -1 90 -1 -2
2 -1 2 21 -1 2 24 -1 2 74 -1 2 89 -1 2 137 -1 21 -1 21 24 -1 21 74 -1 21 89 -1 21 137 -1 24 -1 24 74 -1 24 89 -1 24 137 -1 74 -1 74 89 -1 74 137 -1 89 -1 89 137 -1 137 -1 -2
6 -1 6 198 -1 198 -1 -2
186 -1 -2
51 -1 51 97 -1 51 149 -1 97 -1 97 149 -1 149 -1 -2
9 -1 9 43 -1 9 50 -1 9 52 -1 9 128 -1 43 -1 43 50 -1 43 52 -1 43 128 -1 50 -1 50 52 -1 50 128 -1 52 -1 52 128 -1 128 -1 -2
2 -1 2 36 -1 2 45 -1 2 156 -1 36 -1 36 45 -1 36 156 -1 45 -1 45 156 -1 156 -1 -2
35 -1 35 45 -1 35 91 -1 35 113 -1 35 120 -1 35 167 -1 35 176 -1 45 -1 45 91 -1 45 113 -1 45 120 -1 45 167 -1 45 176 -1 91 -1 91 113 -1 91 120 -1 91 167 -1 91 176 -1 113 -1 113 120 -1 113 167 -1 113 176 -1 120 -1 120 167 -1 120 176 -1 167 -1 167 176 -1 176 -1 -2
9 -1 9 13 -1 9 16 -1 9 194 -1 13 -1 13 16 -1 13 194 -1 16 -1 16 194 -1 194 -1 -2
2 -1 2 42 -1 2 149 -1 2 151 -1 42 -1 42 149 -1 42 151 -1 149 -1 149 151 -1 151 -1 -2
29 -1 29 40 -1 40 -1 -2
21 -1 21 117 -1 21 164 -1 117 -1 117 164 -1 164 -1 -2
1 -1 1 2 -1 1 6 -1 1 35 -1 1 48 -1 1 136 -1 2 -1 2 6 -1 2 35 -1 2 48 -1 2 136 -1 6 -1 6 35 -1 6 48 -1 6 136 -1 35 -1 35 48 -1 35 136 -1 48 -1 48 136 -1 136 -1 -2
8 -1 8 52 -1 52 -1 -2
18 -1 18 40 -1 18 61 -1 18 160 -1 18 187 -1 40 -1 40 61 -1 40 160 -1 40 187 -1 61 -1 61 160 -1 61 187 -1 160 -1 160 187 -1 187 -1 -2
32 -1 -2
33 -1 33 112 -1 112 -1 -2
16 -1 16 56 -1 16 177 -1 56 -1 56 177 -1 177 -1 -2
18 -1 18 37 -1 18 93 -1 18 108 -1 37 -1 37 93 -1 37 108 -1 93 -1 93 108 -1 108 -1 -2
50 -1 50 56 -1 50 69 -1 50 88 -1 50 98 -1 56 -1 56 69 -1 56 88 -1 56 98 -1 69 -1 69 88 -1 69 98 -1 88 -1 88 98 -1 98 -1 -2
56 -1 56 169 -1 169 -1 -2
2 -1 2 66 -1 2 93 -1 2 98 -1 66 -1 66 93 -1 66 98 -1 93 -1 93 98 -1 98 -1 -2
34 -1 34 88 -1 34 113 -1 34 189 -1 88 -1 88 113 -1 88 189 -1 113 -1 113 189 -1 189 -1 -2
7 -1 7 168 -1 168 -1 -2
175 -1 -2
16 -1 -2
41 -1 41 63 -1 63 -1 -2
64 -1 -2
14 -1 14 18 -1 14 154 -1 18 -1 18 154 -1 154 -1 -2
59 -1 59 66 -1 59 182 -1 66 -1 66 182 -1 182 -1 -2
2 -1 2 55 -1 2 74 -1 2 85 -1 55 -1 55 74 -1 55 85 -1 74 -1 74 85 -1 85 -1 -2
36 -1 36 49 -1 49 -1 -2
25 -1 25 71 -1 25 162 -1 71 -1 71 162 -1 162 -1 -2
8 -1 8 21 -1 8 64 -1 8 133 -1 8 172 -1 21 -1 21 64 -1 21 133 -1 21 172 -1 64 -1 64 133 -1 64 172 -1 133 -1 133 172 -1 172 -1 -2
132 -1 -2
6 -1 6 43 -1 6 114 -1 6 186 -1 43 -1 43 114 -1 43 186 -1 114 -1 114 186 -1 186 -1 -2
6 -1 6 35 -1 6 44 -1 6 138 -1 35 -1 35 44 -1 35 138 -1 44 -1 44 138 -1 138 -1 -2
172 -1 -2
8 -1 8 16 -1 8 94 -1 16 -1 16 94 -1 94 -1 -2
74 -1 -2
32 -1 32 37 -1 32 44 -1 32 86 -1 32 90 -1 32 124 -1 32 151 -1 37 -1 37 44 -1 37 86 -1 37 90 -1 37 124 -1 37 151 -1 44 -1 44 86 -1 44 90 -1 44 124 -1 44 151 -1 86 -1 86 90 -1 86 124 -1 86 151 -1 90 -1 90 124 -1 90 151 -1 124 -1 124 151 -1 151 -1 -2
43 -1 -2
38 -1 38 129 -1 129 -1 -2
9 -1 9 37 -1 37 -1 -2
7 -1 7 8 -1 7 13 -1 7 14 -1 7 121 -1 8 -1 8 13 -1 8 14 -1 8 121 -1 13 -1 13 14 -1 13 121 -1 14 -1 14 121 -1 121 -1 -2
8 -1 8 47 -1 47 -1 -2
21 -1 -2
9 -1 9 61 -1 9 92 -1 61 -1 61 92 -1 92 -1 -2
86 -1 -2
42 -1 42 45 -1 42 49 -1 42 143 -1 45 -1 45 49 -1 45 143 -1 49 -1 49 143 -1 143 -1 -2
9 -1 -2
7 -1 7 144 -1 144 -1 -2
18 -1 18 53 -1 18 74 -1 18 96 -1 53 -1 53 74 -1 53 96 -1 74 -1 74 96 -1 96 -1 -2
7 -1 7 17 -1 7 33 -1 17 -1 17 33 -1 33 -1 -2
1 -1 1 14 -1 1 17 -1 1 53 -1 14 -1 14 17 -1 14 53 -1 17 -1 17 53 -1 53 -1 -2
13 -1 13 34 -1 13 44 -1 13 53 -1 13 56 -1 13 76 -1 13 90 -1 34 -1 34 44 -1 34 53 -1 34 56 -1 34 76 -1 34 90 -1 44 -1 44 53 -1 44 56 -1 44 76 -1 44 90 -1 53 -1 53 56 -1 53 76 -1 53 90 -1 56 -1 56 76 -1 56 90 -1 76 -1 76 90 -1 90 -1 -2
17 -1 17 32 -1 32 -1 -2
2 -1 2 24 -1 2 139 -1 24 -1 24 139 -1 139 -1 -2
16 -1 16 37 -1 16 65 -1 16 172 -1 37 -1 37 65 -1 37 172 -1 65 -1 65 172 -1 172 -1 -2
12 -1 12 16 -1 12 55 -1 16 -1 16 55 -1 55 -1 -2
37 -1 37 56 -1 37 93 -1 37 120 -1 56 -1 56 93 -1 56 120 -1 93 -1 93 120 -1 120 -1 -2
29 -1 29 88 -1 88 -1 -2
7 -1 7 37 -1 7 78 -1 37 -1 37 78 -1 78 -1 -2
1 -1 1 47 -1 47 -1 -2
8 -1 8 47 -1 47 -1 -2
47 -1 47 55 -1 47 64 -1 55 -1 55 64 -1 64 -1 -2
2 -1 2 8 -1 2 17 -1 2 34 -1 2 43 -1 2 47 -1 8 -1 8 17 -1 8 34 -1 8 43 -1 8 47 -1 17 -1 17 34 -1 17 43 -1 17 47 -1 34 -1 34 43 -1 34 47 -1 43 -1 43 47 -1 47 -1 -2
8 -1 8 47 -1 8 175 -1 47 -1 47 175 -1 175 -1 -2
16 -1 16 48 -1 16 98 -1 48 -1 48 98 -1 98 -1 -2
51 -1 51 166 -1 166 -1 -2
183 -1 -2
6 -1 6 35 -1 6 162 -1 35 -1 35 162 -1 162 -1 -2
13 -1 13 45 -1 45 -1 -2
8 -1 8 45 -1 8 47 -1 45 -1 45 47 -1 47 -1 -2
118 -1 118 166 -1 118 177 -1 166 -1 166 177 -1 177 -1 -2
36 -1 36 88 -1 36 162 -1 88 -1 88 162 -1 162 -1 -2
8 -1 8 88 -1 88 -1 -2
8 -1 8 34 -1 34 -1 -2
1 -1 1 14 -1 1 45 -1 14 -1 14 45 -1 45 -1 -2
34 -1 34 36 -1 36 -1 -2
8 -1 8 9 -1 8 29 -1 9 -1 9 29 -1 29 -1 -2
43 -1 43 95 -1 43 138 -1 43 171 -1 95 -1 95 138 -1 95 171 -1 138 -1 138 171 -1 171 -1 -2
9 -1 9 16 -1 9 37 -1 9 44 -1 9 65 -1 9 90 -1 9 160 -1 16 -1 16 37 -1 16 44 -1 16 65 -1 16 90 -1 16 160 -1 37 -1 37 44 -1 37 65 -1 37 90 -1 37 160 -1 44 -1 44 65 -1 44 90 -1 44 160 -1 65 -1 65 90 -1 65 160 -1 90 -1 90 160 -1 160 -1 -2
37 -1 37 76 -1 37 120 -1 37 123 -1 76 -1 76 120 -1 76 123 -1 120 -1 120 123 -1 123 -1 -2
22 -1 22 141 -1 141 -1 -2
8 -1 8 14 -1 8 49 -1 8 64 -1 8 74 -1 14 -1 14 49 -1 14 64 -1 14 74 -1 49 -1 49 64 -1 49 74 -1 64 -1 64 74 -1 74 -1 -2
1 -1 1 17 -1 1 73 -1 1 137 -1 1 160 -1 17 -1 17 73 -1 17 137 -1 17 160 -1 73 -1 73 137 -1 73 160 -1 137 -1 137 160 -1 160 -1 -2
40 -1 40 74 -1 74 -1 -2
6 -1 6 29 -1 6 86 -1 29 -1 29 86 -1 86 -1 -2
6 -1 6 8 -1 6 35 -1 6 36 -1 8 -1 8 35 -1 8 36 -1 35 -1 35 36 -1 36 -1 -2
48 -1 48 97 -1 97 -1 -2
50 -1 -2
18 -1 -2
53 -1 53 131 -1 53 149 -1 131 -1 131 149 -1 149 -1 -2
29 -1 29 48 -1 48 -1 -2
25 -1 -2
64 -1 -2
32 -1 32 56 -1 32 93 -1 32 113 -1 32 128 -1 32 134 -1 56 -1 56 93 -1 56 113 -1 56 128 -1 56 134 -1 93 -1 93 113 -1 93 128 -1 93 134 -1 113 -1 113 128 -1 113 134 -1 128 -1 128 134 -1 134 -1 -2
21 -1 21 105 -1 105 -1 -2
16 -1 16 36 -1 16 65 -1 16 78 -1 16 114 -1 36 -1 36 65 -1 36 78 -1 36 114 -1 65 -1 65 78 -1 65 114 -1 78 -1 78 114 -1 114 -1 -2
22 -1 22 74 -1 74 -1 -2
6 -1 6 36 -1 6 48 -1 36 -1 36 48 -1 48 -1 -2
6 -1 6 32 -1 6 33 -1 6 50 -1 6 71 -1 6 171 -1 32 -1 32 33 -1 32 50 -1 32 71 -1 32 171 -1 33 -1 33 50 -1 33 71 -1 33 171 -1 50 -1 50 71 -1 50 171 -1 71 -1 71 171 -1 171 -1 -2
2 -1 2 29 -1 2 31 -1 2 137 -1 29 -1 29 31 -1 29 137 -1 31 -1 31 137 -1 137 -1 -2
8 -1 8 21 -1 8 36 -1 8 47 -1 8 64 -1 21 -1 21 36 -1 21 47 -1 21 64 -1 36 -1 36 47 -1 36 64 -1 47 -1 47 64 -1 64 -1 -2
7 -1 7 22 -1 7 94 -1 22 -1 22 94 -1 94 -1 -2
18 -1 18 26 -1 18 53 -1 18 199 -1 26 -1 26 53 -1 26 199 -1 53 -1 53 199 -1 199 -1 -2
1 -1 1 12 -1 1 25 -1 1 113 -1 12 -1 12 25 -1 12 113 -1 25 -1 25 113 -1 113 -1 -2
25 -1 25 51 -1 25 120 -1 51 -1 51 120 -1 120 -1 -2
1 -1 1 22 -1 1 37 -1 1 47 -1 1 64 -1 1 109 -1 1 183 -1 22 -1 22 37 -1 22 47 -1 22 64 -1 22 109 -1 22 183 -1 37 -1 37 47 -1 37 64 -1 37 109 -1 37 183 -1 47 -1 47 64 -1 47 109 -1 47 183 -1 64 -1 64 109 -1 64 183 -1 109 -1 109 183 -1 183 -1 -2
8 -1 8 47 -1 8 48 -1 47 -1 47 48 -1 48 -1 -2
8 -1 8 64 -1 8 89 -1 64 -1 64 89 -1 89 -1 -2
186 -1 -2
1 -1 1 7 -1 1 14 -1 1 18 -1 1 128 -1 1 131 -1 7 -1 7 14 -1 7 18 -1 7 128 -1 7 131 -1 14 -1 14 18 -1 14 128 -1 14 131 -1 18 -1 18 128 -1 18 131 -1 128 -1 128 131 -1 131 -1 -2
6 -1 6 8 -1 6 36 -1 6 189 -1 8 -1 8 36 -1 8 189 -1 36 -1 36 189 -1 189 -1 -2
17 -1 17 53 -1 53 -1 -2
8 -1 8 45 -1 8 47 -1 8 49 -1 8 130 -1 45 -1 45 47 -1 45 49 -1 45 130 -1 47 -1 47 49 -1 47 130 -1 49 -1 49 130 -1 130 -1 -2
14 -1 14 21 -1 14 29 -1 14 66 -1 14 74 -1 14 137 -1 21 -1 21 29 -1 21 66 -1 21 74 -1 21 137 -1 29 -1 29 66 -1 29 74 -1 29 137 -1 66 -1 66 74 -1 66 137 -1 74 -1 74 137 -1 137 -1 -2
8 -1 8 14 -1 8 43 -1 8 76 -1 14 -1 14 43 -1 14 76 -1 43 -1 43 76 -1 76 -1 -2
6 -1 6 48 -1 48 -1 -2
12 -1 12 66 -1 12 196 -1 66 -1 66 196 -1 196 -1 -2
16 -1 16 17 -1 16 33 -1 17 -1 17 33 -1 33 -1 -2
24 -1 24 92 -1 24 98 -1 92 -1 92 98 -1 98 -1 -2
105 -1 -2
37 -1 37 53 -1 37 86 -1 37 124 -1 37 194 -1 53 -1 53 86 -1 53 124 -1 53 194 -1 86 -1 86 124 -1 86 194 -1 124 -1 124 194 -1 194 -1 -2
7 -1 7 162 -1 162 -1 -2
29 -1 29 77 -1 29 88 -1 29 189 -1 77 -1 77 88 -1 77 189 -1 88 -1 88 189 -1 189 -1 -2
6 -1 6 37 -1 6 49 -1 6 137 -1 6 141 -1 6 194 -1 37 -1 37 49 -1 37 137 -1 37 141 -1 37 194 -1 49 -1 49 137 -1 49 141 -1 49 194 -1 137 -1 137 141 -1 137 194 -1 141 -1 141 194 -1 194 -1 -2
9 -1 9 16 -1 16 -1 -2
9 -1 9 100 -1 9 156 -1 9 181 -1 100 -1 100 156 -1 100 181 -1 156 -1 156 181 -1 181 -1 -2
55 -1 -2
22 -1 22 48 -1 22 52 -1 48 -1 48 52 -1 52 -1 -2
9 -1 9 32 -1 9 42 -1 32 -1 32 42 -1 42 -1 -2
164 -1 -2
25 -1 25 71 -1 71 -1 -2
25 -1 25 35 -1 25 70 -1 35 -1 35 70 -1 70 -1 -2
19 -1 19 188 -1 188 -1 -2
18 -1 18 40 -1 18 63 -1 18 187 -1 40 -1 40 63 -1 40 187 -1 63 -1 63 187 -1 187 -1 -2
1 -1 1 18 -1 1 43 -1 1 53 -1 1 124 -1 1 132 -1 18 -1 18 43 -1 18 53 -1 18 124 -1 18 132 -1 43 -1 43 53 -1 43 124 -1 43 132 -1 53 -1 53 124 -1 53 132 -1 124 -1 124 132 -1 132 -1 -2
56 -1 56 94 -1 94 -1 -2
94 -1 94 97 -1 97 -1 -2
7 -1 7 12 -1 7 41 -1 7 46 -1 12 -1 12 41 -1 12 46 -1 41 -1 41 46 -1 46 -1 -2
2 -1 2 56 -1 2 108 -1 56 -1 56 108 -1 108 -1 -2
45 -1 -2
29 -1 29 51 -1 29 53 -1 29 76 -1 29 198 -1 51 -1 51 53 -1 51 76 -1 51 198 -1 53 -1 53 76 -1 53 198 -1 76 -1 76 198 -1 198 -1 -2
9 -1 9 105 -1 9 137 -1 105 -1 105 137 -1 137 -1 -2
6 -1 6 29 -1 6 48 -1 6 86 -1 29 -1 29 48 -1 29 86 -1 48 -1 48 86 -1 86 -1 -2
26 -1 26 94 -1 94 -1 -2
112 -1 112 123 -1 123 -1 -2
40 -1 40 43 -1 40 131 -1 43 -1 43 131 -1 131 -1 -2
2 -1 2 14 -1 2 16 -1 2 26 -1 2 49 -1 14 -1 14 16 -1 14 26 -1 14 49 -1 16 -1 16 26 -1 16 49 -1 26 -1 26 49 -1 49 -1 -2
34 -1 34 47 -1 34 199 -1 47 -1 47 199 -1 199 -1 -2
9 -1 9 13 -1 9 38 -1 9 75 -1 9 92 -1 13 -1 13 38 -1 13 75 -1 13 92 -1 38 -1 38 75 -1 38 92 -1 75 -1 75 92 -1 92 -1 -2
56 -1 56 88 -1 88 -1 -2
74 -1 -2
16 -1 16 42 -1 16 48 -1 16 149 -1 42 -1 42 48 -1 42 149 -1 48 -1 48 149 -1 149 -1 -2
133 -1 -2
35 -1 35 196 -1 196 -1 -2
8 -1 8 36 -1 8 47 -1 36 -1 36 47 -1 47 -1 -2
25 -1 25 56 -1 56 -1 -2
2 -1 2 8 -1 2 47 -1 2 64 -1 2 130 -1 8 -1 8 47 -1 8 64 -1 8 130 -1 47 -1 47 64 -1 47 130 -1 64 -1 64 130 -1 130 -1 -2
8 -1 8 38 -1 8 47 -1 8 132 -1 38 -1 38 47 -1 38 132 -1 47 -1 47 132 -1 132 -1 -2
8 -1 8 36 -1 8 38 -1 36 -1 36 38 -1 38 -1 -2
6 -1 6 17 -1 6 94 -1 6 120 -1 6 176 -1 17 -1 17 94 -1 17 120 -1 17 176 -1 94 -1 94 120 -1 94 176 -1 120 -1 120 176 -1 176 -1 -2
8 -1 8 14 -1 8 35 -1 8 48 -1 8 55 -1 8 86 -1 8 98 -1 8 199 -1 14 -1 14 35 -1 14 48 -1 14 55 -1 14 86 -1 14 98 -1 14 199 -1 35 -1 35 48 -1 35 55 -1 35 86 -1 35 98 -1 35 199 -1 48 -1 48 55 -1 48 86 -1 48 98 -1 48 199 -1 55 -1 55 86 -1 55 98 -1 55 199 -1 86 -1 86 98 -1 86 199 -1 98 -1 98 199 -1 199 -1 -2
144 -1 -2
37 -1 37 88 -1 37 189 -1 88 -1 88 189 -1 189 -1 -2
8 -1 8 35 -1 8 38 -1 8 40 -1 8 64 -1 35 -1 35 38 -1 35 40 -1 35 64 -1 38 -1 38 40 -1 38 64 -1 40 -1 40 64 -1 64 -1 -2
7 -1 7 97 -1 7 117 -1 97 -1 97 117 -1 117 -1 -2
64 -1 -2
8 -1 8 47 -1 47 -1 -2
6 -1 6 9 -1 6 42 -1 9 -1 9 42 -1 42 -1 -2
18 -1 18 36 -1 18 47 -1 36 -1 36 47 -1 47 -1 -2
1 -1 1 6 -1 1 34 -1 1 45 -1 1 69 -1 1 89 -1 1 137 -1 6 -1 6 34 -1 6 45 -1 6 69 -1 6 89 -1 6 137 -1 34 -1 34 45 -1 34 69 -1 34 89 -1 34 137 -1 45 -1 45 69 -1 45 89 -1 45 137 -1 69 -1 69 89 -1 69 137 -1 89 -1 89 137 -1 137 -1 -2
1 -1 1 33 -1 1 76 -1 33 -1 33 76 -1 76 -1 -2
1 -1 1 2 -1 1 8 -1 1 29 -1 1 38 -1 2 -1 2 8 -1 2 29 -1 2 38 -1 8 -1 8 29 -1 8 38 -1 29 -1 29 38 -1 38 -1 -2
8 -1 8 36 -1 36 -1 -2
7 -1 7 33 -1 7 35 -1 33 -1 33 35 -1 35 -1 -2
6 -1 6 132 -1 6 176 -1 132 -1 132 176 -1 176 -1 -2
1 -1 1 14 -1 1 41 -1 1 134 -1 1 160 -1 14 -1 14 41 -1 14 134 -1 14 160 -1 41 -1 41 134 -1 41 160 -1 134 -1 134 160 -1 160 -1 -2
6 -1 6 38 -1 6 86 -1 6 124 -1 6 130 -1 6 163 -1 38 -1 38 86 -1 38 124 -1 38 130 -1 38 163 -1 86 -1 86 124 -1 86 130 -1 86 163 -1 124 -1 124 130 -1 124 163 -1 130 -1 130 163 -1 163 -1 -2
2 -1 2 24 -1 2 117 -1 24 -1 24 117 -1 117 -1 -2
13 -1 13 71 -1 71 -1 -2
33 -1 33 113 -1 113 -1 -2
1 -1 1 73 -1 1 98 -1 1 120 -1 1 176 -1 73 -1 73 98 -1 73 120 -1 73 176 -1 98 -1 98 120 -1 98 176 -1 120 -1 120 176 -1 176 -1 -2
33 -1 -2
42 -1 42 112 -1 42 128 -1 42 134 -1 112 -1 112 128 -1 112 134 -1 128 -1 128 134 -1 134 -1 -2
16 -1 16 56 -1 16 93 -1 16 177 -1 56 -1 56 93 -1 56 177 -1 93 -1 93 177 -1 177 -1 -2
8 -1 8 139 -1 8 164 -1 139 -1 139 164 -1 164 -1 -2
8 -1 -2
18 -1 18 21 -1 18 96 -1 21 -1 21 96 -1 96 -1 -2
6 -1 6 43 -1 6 77 -1 6 86 -1 6 95 -1 6 124 -1 43 -1 43 77 -1 43 86 -1 43 95 -1 43 124 -1 77 -1 77 86 -1 77 95 -1 77 124 -1 86 -1 86 95 -1 86 124 -1 95 -1 95 124 -1 124 -1 -2
17 -1 17 129 -1 129 -1 -2
7 -1 7 78 -1 7 94 -1 78 -1 78 94 -1 94 -1 -2
7 -1 7 17 -1 7 41 -1 7 134 -1 17 -1 17 41 -1 17 134 -1 41 -1 41 134 -1 134 -1 -2
2 -1 2 6 -1 2 8 -1 2 52 -1 2 189 -1 2 191 -1 6 -1 6 8 -1 6 52 -1 6 189 -1 6 191 -1 8 -1 8 52 -1 8 189 -1 8 191 -1 52 -1 52 189 -1 52 191 -1 189 -1 189 191 -1 191 -1 -2
80 -1 80 107 -1 107 -1 -2
8 -1 8 47 -1 8 121 -1 47 -1 47 121 -1 121 -1 -2
2 -1 2 18 -1 2 74 -1 2 79 -1 2 96 -1 2 196 -1 18 -1 18 74 -1 18 79 -1 18 96 -1 18 196 -1 74 -1 74 79 -1 74 96 -1 74 196 -1 79 -1 79 96 -1 79 196 -1 96 -1 96 196 -1 196 -1 -2
14 -1 14 16 -1 14 49 -1 14 65 -1 14 187 -1 16 -1 16 49 -1 16 65 -1 16 187 -1 49 -1 49 65 -1 49 187 -1 65 -1 65 187 -1 187 -1 -2
1 -1 1 6 -1 1 47 -1 1 55 -1 6 -1 6 47 -1 6 55 -1 47 -1 47 55 -1 55 -1 -2
17 -1 17 32 -1 17 44 -1 17 90 -1 17 117 -1 17 186 -1 32 -1 32 44 -1 32 90 -1 32 117 -1 32 186 -1 44 -1 44 90 -1 44 117 -1 44 186 -1 90 -1 90 117 -1 90 186 -1 117 -1 117 186 -1 186 -1 -2
12 -1 12 35 -1 12 55 -1 12 112 -1 35 -1 35 55 -1 35 112 -1 55 -1 55 112 -1 112 -1 -2
12 -1 12 16 -1 12 25 -1 12 33 -1 12 65 -1 16 -1 16 25 -1 16 33 -1 16 65 -1 25 -1 25 33 -1 25 65 -1 33 -1 33 65 -1 65 -1 -2
13 -1 13 56 -1 13 169 -1 56 -1 56 169 -1 169 -1 -2
17 -1 17 129 -1 129 -1 -2
9 -1 9 16 -1 9 79 -1 9 128 -1 16 -1 16 79 -1 16 128 -1 79 -1 79 128 -1 128 -1 -2
6 -1 6 17 -1 6 22 -1 6 154 -1 17 -1 17 22 -1 17 154 -1 22 -1 22 154 -1 154 -1 -2
74 -1 -2
2 -1 2 18 -1 2 43 -1 2 79 -1 18 -1 18 43 -1 18 79 -1 43 -1 43 79 -1 79 -1 -2
71 -1 71 104 -1 104 -1 -2
8 -1 8 26 -1 8 47 -1 26 -1 26 47 -1 47 -1 -2
8 -1 8 9 -1 8 47 -1 8 130 -1 9 -1 9 47 -1 9 130 -1 47 -1 47 130 -1 130 -1 -2
45 -1 45 50 -1 45 198 -1 50 -1 50 198 -1 198 -1 -2
8 -1 8 47 -1 8 121 -1 47 -1 47 121 -1 121 -1 -2
26 -1 26 32 -1 26 168 -1 32 -1 32 168 -1 168 -1 -2
77 -1 77 105 -1 105 -1 -2
8 -1 8 47 -1 8 71 -1 8 74 -1 47 -1 47 71 -1 47 74 -1 71 -1 71 74 -1 74 -1 -2
6 -1 6 7 -1 6 48 -1 6 85 -1 6 94 -1 6 98 -1 7 -1 7 48 -1 7 85 -1 7 94 -1 7 98 -1 48 -1 48 85 -1 48 94 -1 48 98 -1 85 -1 85 94 -1 85 98 -1 94 -1 94 98 -1 98 -1 -2
8 -1 8 16 -1 8 90 -1 16 -1 16 90 -1 90 -1 -2
49 -1 49 169 -1 169 -1 -2
43 -1 43 47 -1 43 53 -1 43 199 -1 47 -1 47 53 -1 47 199 -1 53 -1 53 199 -1 199 -1 -2
2 -1 2 132 -1 132 -1 -2
14 -1 -2
94 -1 -2
2 -1 2 13 -1 2 14 -1 2 24 -1 2 40 -1 2 53 -1 2 61 -1 13 -1 13 14 -1 13 24 -1 13 40 -1 13 53 -1 13 61 -1 14 -1 14 24 -1 14 40 -1 14 53 -1 14 61 -1 24 -1 24 40 -1 24 53 -1 24 61 -1 40 -1 40 53 -1 40 61 -1 53 -1 53 61 -1 61 -1 -2
43 -1 43 56 -1 43 93 -1 43 194 -1 56 -1 56 93 -1 56 194 -1 93 -1 93 194 -1 194 -1 -2
36 -1 36 47 -1 36 53 -1 36 187 -1 36 199 -1 47 -1 47 53 -1 47 187 -1 47 199 -1 53 -1 53 187 -1 53 199 -1 187 -1 187 199 -1 199 -1 -2
7 -1 -2
6 -1 6 9 -1 6 14 -1 6 21 -1 6 45 -1 9 -1 9 14 -1 9 21 -1 9 45 -1 14 -1 14 21 -1 14 45 -1 21 -1 21 45 -1 45 -1 -2
6 -1 6 24 -1 6 56 -1 6 88 -1 6 93 -1 6 139 -1 6 141 -1 24 -1 24 56 -1 24 88 -1 24 93 -1 24 139 -1 24 141 -1 56 -1 56 88 -1 56 93 -1 56 139 -1 56 141 -1 88 -1 88 93 -1 88 139 -1 88 141 -1 93 -1 93 139 -1 93 141 -1 139 -1 139 141 -1 141 -1 -2
17 -1 17 112 -1 17 186 -1 112 -1 112 186 -1 186 -1 -2
6 -1 6 48 -1 6 94 -1 48 -1 48 94 -1 94 -1 -2
56 -1 -2
26 -1 26 145 -1 145 -1 -2
32 -1 32 185 -1 185 -1 -2
8 -1 8 45 -1 8 47 -1 45 -1 45 47 -1 47 -1 -2
25 -1 25 49 -1 25 89 -1 49 -1 49 89 -1 89 -1 -2
7 -1 7 108 -1 108 -1 -2
13 -1 13 29 -1 13 43 -1 13 49 -1 13 167 -1 29 -1 29 43 -1 29 49 -1 29 167 -1 43 -1 43 49 -1 43 167 -1 49 -1 49 167 -1 167 -1 -2
114 -1 -2
6 -1 6 25 -1 6 49 -1 25 -1 25 49 -1 49 -1 -2
17 -1 17 37 -1 37 -1 -2
17 -1 17 21 -1 17 26 -1 17 114 -1 21 -1 21 26 -1 21 114 -1 26 -1 26 114 -1 114 -1 -2
13 -1 13 18 -1 13 121 -1 13 136 -1 13 149 -1 18 -1 18 121 -1 18 136 -1 18 149 -1 121 -1 121 136 -1 121 149 -1 136 -1 136 149 -1 149 -1 -2
29 -1 -2
2 -1 2 8 -1 2 73 -1 2 138 -1 8 -1 8 73 -1 8 138 -1 73 -1 73 138 -1 138 -1 -2
120 -1 -2
55 -1 -2
42 -1 42 108 -1 42 116 -1 108 -1 108 116 -1 116 -1 -2
7 -1 7 14 -1 7 32 -1 14 -1 14 32 -1 32 -1 -2
25 -1 25 35 -1 25 70 -1 35 -1 35 70 -1 70 -1 -2
7 -1 7 33 -1 7 38 -1 7 61 -1 33 -1 33 38 -1 33 61 -1 38 -1 38 61 -1 61 -1 -2
17 -1 17 29 -1 17 41 -1 17 49 -1 17 134 -1 29 -1 29 41 -1 29 49 -1 29 134 -1 41 -1 41 49 -1 41 134 -1 49 -1 49 134 -1 134 -1 -2
6 -1 6 32 -1 6 38 -1 32 -1 32 38 -1 38 -1 -2
17 -1 17 117 -1 17 177 -1 117 -1 117 177 -1 177 -1 -2
47 -1 47 92 -1 47 199 -1 92 -1 92 199 -1 199 -1 -2
13 -1 13 21 -1 21 -1 -2
6 -1 6 42 -1 6 44 -1 42 -1 42 44 -1 44 -1 -2
19 -1 19 22 -1 19 97 -1 22 -1 22 97 -1 97 -1 -2
1 -1 1 2 -1 1 19 -1 1 89 -1 1 171 -1 2 -1 2 19 -1 2 89 -1 2 171 -1 19 -1 19 89 -1 19 171 -1 89 -1 89 171 -1 171 -1 -2
17 -1 17 40 -1 17 64 -1 17 99 -1 40 -1 40 64 -1 40 99 -1 64 -1 64 99 -1 99 -1 -2
21 -1 21 34 -1 21 69 -1 21 172 -1 21 189 -1 34 -1 34 69 -1 34 172 -1 34 189 -1 69 -1 69 172 -1 69 189 -1 172 -1 172 189 -1 189 -1 -2
164 -1 164 199 -1 199 -1 -2
8 -1 8 35 -1 8 40 -1 35 -1 35 40 -1 40 -1 -2
16 -1 16 25 -1 16 33 -1 16 49 -1 16 65 -1 25 -1 25 33 -1 25 49 -1 25 65 -1 33 -1 33 49 -1 33 65 -1 49 -1 49 65 -1 65 -1 -2
140 -1 140 175 -1 175 -1 -2
8 -1 8 29 -1 8 168 -1 29 -1 29 168 -1 168 -1 -2
24 -1 24 181 -1 181 -1 -2
9 -1 9 29 -1 9 182 -1 9 196 -1 29 -1 29 182 -1 29 196 -1 182 -1 182 196 -1 196 -1 -2
37 -1 37 108 -1 37 186 -1 37 194 -1 108 -1 108 186 -1 108 194 -1 186 -1 186 194 -1 194 -1 -2
121 -1 121 181 -1 121 186 -1 181 -1 181 186 -1 186 -1 -2
123 -1 123 131 -1 131 -1 -2
29 -1 29 40 -1 29 61 -1 29 73 -1 40 -1 40 61 -1 40 73 -1 61 -1 61 73 -1 73 -1 -2
16 -1 16 42 -1 16 53 -1 16 165 -1 42 -1 42 53 -1 42 165 -1 53 -1 53 165 -1 165 -1 -2
1 -1 1 47 -1 1 132 -1 47 -1 47 132 -1 132 -1 -2
8 -1 8 41 -1 8 134 -1 41 -1 41 134 -1 134 -1 -2
8 -1 -2
44 -1 44 151 -1 151 -1 -2
33 -1 33 48 -1 33 56 -1 33 94 -1 33 169 -1 48 -1 48 56 -1 48 94 -1 48 169 -1 56 -1 56 94 -1 56 169 -1 94 -1 94 169 -1 169 -1 -2
16 -1 16 42 -1 16 129 -1 42 -1 42 129 -1 129 -1 -2
1 -1 1 6 -1 1 7 -1 1 18 -1 1 96 -1 1 123 -1 6 -1 6 7 -1 6 18 -1 6 96 -1 6 123 -1 7 -1 7 18 -1 7 96 -1 7 123 -1 18 -1 18 96 -1 18 123 -1 96 -1 96 123 -1 123 -1 -2
17 -1 17 51 -1 17 108 -1 51 -1 51 108 -1 108 -1 -2
41 -1 41 88 -1 41 134 -1 41 144 -1 88 -1 88 134 -1 88 144 -1 134 -1 134 144 -1 144 -1 -2
114 -1 114 186 -1 186 -1 -2
2 -1 2 25 -1 2 56 -1 2 169 -1 25 -1 25 56 -1 25 169 -1 56 -1 56 169 -1 169 -1 -2
7 -1 -2
8 -1 8 47 -1 47 -1 -2
16 -1 16 32 -1 32 -1 -2
22 -1 -2
7 -1 7 16 -1 7 117 -1 7 138 -1 16 -1 16 117 -1 16 138 -1 117 -1 117 138 -1 138 -1 -2
8 -1 8 9 -1 8 29 -1 8 47 -1 8 130 -1 9 -1 9 29 -1 9 47 -1 9 130 -1 29 -1 29 47 -1 29 130 -1 47 -1 47 130 -1 130 -1 -2
45 -1 -2
14 -1 14 40 -1 14 47 -1 40 -1 40 47 -1 47 -1 -2
29 -1 29 130 -1 130 -1 -2
6 -1 6 66 -1 6 191 -1 66 -1 66 191 -1 191 -1 -2
7 -1 7 9 -1 7 14 -1 7 19 -1 7 40 -1 7 164 -1 7 199 -1 9 -1 9 14 -1 9 19 -1 9 40 -1 9 164 -1 9 199 -1 14 -1 14 19 -1 14 40 -1 14 164 -1 14 199 -1 19 -1 19 40 -1 19 164 -1 19 199 -1 40 -1 40 164 -1 40 199 -1 164 -1 164 199 -1 199 -1 -2
8 -1 8 36 -1 8 38 -1 8 47 -1 8 48 -1 8 132 -1 8 176 -1 36 -1 36 38 -1 36 47 -1 36 48 -1 36 132 -1 36 176 -1 38 -1 38 47 -1 38 48 -1 38 132 -1 38 176 -1 47 -1 47 48 -1 47 132 -1 47 176 -1 48 -1 48 132 -1 48 176 -1 132 -1 132 176 -1 176 -1 -2
2 -1 2 25 -1 25 -1 -2
9 -1 9 12 -1 9 14 -1 9 19 -1 9 29 -1 9 49 -1 9 107 -1 12 -1 12 14 -1 12 19 -1 12 29 -1 12 49 -1 12 107 -1 14 -1 14 19 -1 14 29 -1 14 49 -1 14 107 -1 19 -1 19 29 -1 19 49 -1 19 107 -1 29 -1 29 49 -1 29 107 -1 49 -1 49 107 -1 107 -1 -2
22 -1 -2
37 -1 37 50 -1 37 93 -1 37 186 -1 50 -1 50 93 -1 50 186 -1 93 -1 93 186 -1 186 -1 -2
1 -1 1 9 -1 1 34 -1 1 69 -1 1 133 -1 1 160 -1 9 -1 9 34 -1 9 69 -1 9 133 -1 9 160 -1 34 -1 34 69 -1 34 133 -1 34 160 -1 69 -1 69 133 -1 69 160 -1 133 -1 133 160 -1 160 -1 -2
16 -1 16 17 -1 16 56 -1 17 -1 17 56 -1 56 -1 -2
19 -1 19 160 -1 19 183 -1 160 -1 160 183 -1 183 -1 -2
32 -1 32 117 -1 32 130 -1 117 -1 117 130 -1 130 -1 -2
40 -1 40 42 -1 40 53 -1 40 61 -1 40 95 -1 42 -1 42 53 -1 42 61 -1 42 95 -1 53 -1 53 61 -1 53 95 -1 61 -1 61 95 -1 95 -1 -2
40 -1 40 70 -1 40 77 -1 70 -1 70 77 -1 77 -1 -2
114 -1 -2
14 -1 14 19 -1 14 31 -1 14 43 -1 14 104 -1 19 -1 19 31 -1 19 43 -1 19 104 -1 31 -1 31 43 -1 31 104 -1 43 -1 43 104 -1 104 -1 -2
8 -1 8 90 -1 90 -1 -2
9 -1 9 44 -1 9 47 -1 9 64 -1 44 -1 44 47 -1 44 64 -1 47 -1 47 64 -1 64 -1 -2
2 -1 2 7 -1 2 13 -1 2 19 -1 2 128 -1 7 -1 7 13 -1 7 19 -1 7 128 -1 13 -1 13 19 -1 13 128 -1 19 -1 19 128 -1 128 -1 -2
8 -1 8 47 -1 8 74 -1 8 121 -1 47 -1 47 74 -1 47 121 -1 74 -1 74 121 -1 121 -1 -2
9 -1 9 18 -1 9 96 -1 18 -1 18 96 -1 96 -1 -2
21 -1 -2
18 -1 18 40 -1 18 43 -1 18 47 -1 40 -1 40 43 -1 40 47 -1 43 -1 43 47 -1 47 -1 -2
16 -1 16 175 -1 175 -1 -2
9 -1 9 13 -1 9 34 -1 9 45 -1 13 -1 13 34 -1 13 45 -1 34 -1 34 45 -1 45 -1 -2
156 -1 156 191 -1 191 -1 -2
6 -1 6 29 -1 29 -1 -2
14 -1 14 41 -1 14 134 -1 41 -1 41 134 -1 134 -1 -2
2 -1 2 63 -1 2 117 -1 63 -1 63 117 -1 117 -1 -2
47 -1 47 133 -1 47 199 -1 133 -1 133 199 -1 199 -1 -2
2 -1 2 17 -1 2 33 -1 2 50 -1 2 162 -1 17 -1 17 33 -1 17 50 -1 17 162 -1 33 -1 33 50 -1 33 162 -1 50 -1 50 162 -1 162 -1 -2
7 -1 7 22 -1 22 -1 -2
98 -1 98 112 -1 112 -1 -2
6 -1 6 46 -1 6 139 -1 46 -1 46 139 -1 139 -1 -2
29 -1 29 49 -1 29 55 -1 29 172 -1 49 -1 49 55 -1 49 172 -1 55 -1 55 172 -1 172 -1 -2
6 -1 6 7 -1 6 32 -1 6 56 -1 6 94 -1 7 -1 7 32 -1 7 56 -1 7 94 -1 32 -1 32 56 -1 32 94 -1 56 -1 56 94 -1 94 -1 -2
6 -1 -2
6 -1 6 43 -1 6 105 -1 43 -1 43 105 -1 105 -1 -2
24 -1 24 131 -1 131 -1 -2
7 -1 7 198 -1 198 -1 -2
1 -1 1 50 -1 50 -1 -2
33 -1 33 113 -1 113 -1 -2
74 -1 -2
25 -1 25 88 -1 88 -1 -2
6 -1 6 124 -1 124 -1 -2
7 -1 7 53 -1 7 76 -1 53 -1 53 76 -1 76 -1 -2
34 -1 34 196 -1 196 -1 -2
1 -1 1 42 -1 1 182 -1 42 -1 42 182 -1 182 -1 -2
8 -1 -2
44 -1 44 171 -1 171 -1 -2
42 -1 42 53 -1 42 56 -1 42 108 -1 53 -1 53 56 -1 53 108 -1 56 -1 56 108 -1 108 -1 -2
29 -1 29 48 -1 48 -1 -2
34 -1 34 69 -1 34 181 -1 69 -1 69 181 -1 181 -1 -2
22 -1 22 52 -1 52 -1 -2
8 -1 8 9 -1 8 19 -1 8 64 -1 8 133 -1 9 -1 9 19 -1 9 64 -1 9 133 -1 19 -1 19 64 -1 19 133 -1 64 -1 64 133 -1 133 -1 -2
6 -1 6 8 -1 6 45 -1 6 132 -1 6 167 -1 6 191 -1 8 -1 8 45 -1 8 132 -1 8 167 -1 8 191 -1 45 -1 45 132 -1 45 167 -1 45 191 -1 132 -1 132 167 -1 132 191 -1 167 -1 167 191 -1 191 -1 -2
6 -1 6 9 -1 6 13 -1 6 29 -1 6 50 -1 9 -1 9 13 -1 9 29 -1 9 50 -1 13 -1 13 29 -1 13 50 -1 29 -1 29 50 -1 50 -1 -2
38 -1 38 91 -1 38 130 -1 91 -1 91 130 -1 130 -1 -2
9 -1 9 14 -1 14 -1 -2
18 -1 18 32 -1 18 56 -1 32 -1 32 56 -1 56 -1 -2
7 -1 7 9 -1 7 13 -1 7 18 -1 7 29 -1 7 49 -1 7 169 -1 9 -1 9 13 -1 9 18 -1 9 29 -1 9 49 -1 9 169 -1 13 -1 13 18 -1 13 29 -1 13 49 -1 13 169 -1 18 -1 18 29 -1 18 49 -1 18 169 -1 29 -1 29 49 -1 29 169 -1 49 -1 49 169 -1 169 -1 -2
9 -1 9 61 -1 61 -1 -2
2 -1 2 183 -1 183 -1 -2
51 -1 51 143 -1 143 -1 -2
6 -1 6 116 -1 6 171 -1 116 -1 116 171 -1 171 -1 -2
90 -1 -2
8 -1 8 14 -1 8 47 -1 14 -1 14 47 -1 47 -1 -2
120 -1 120 141 -1 141 -1 -2
108 -1 -2
13 -1 13 22 -1 13 53 -1 13 183 -1 22 -1 22 53 -1 22 183 -1 53 -1 53 183 -1 183 -1 -2
16 -1 -2
29 -1 29 162 -1 29 182 -1 162 -1 162 182 -1 182 -1 -2
17 -1 17 25 -1 17 33 -1 17 43 -1 17 46 -1 17 49 -1 17 181 -1 25 -1 25 33 -1 25 43 -1 25 46 -1 25 49 -1 25 181 -1 33 -1 33 43 -1 33 46 -1 33 49 -1 33 181 -1 43 -1 43 46 -1 43 49 -1 43 181 -1 46 -1 46 49 -1 46 181 -1 49 -1 49 181 -1 181 -1 -2
49 -1 -2
1 -1 1 37 -1 1 53 -1 1 160 -1 37 -1 37 53 -1 37 160 -1 53 -1 53 160 -1 160 -1 -2
17 -1 17 26 -1 17 156 -1 26 -1 26 156 -1 156 -1 -2
1 -1 1 43 -1 1 53 -1 1 77 -1 43 -1 43 53 -1 43 77 -1 53 -1 53 77 -1 77 -1 -2
47 -1 47 137 -1 47 199 -1 137 -1 137 199 -1 199 -1 -2
7 -1 -2
22 -1 22 61 -1 22 73 -1 61 -1 61 73 -1 73 -1 -2
49 -1 49 88 -1 88 -1 -2
24 -1 24 44 -1 24 132 -1 24 181 -1 44 -1 44 132 -1 44 181 -1 132 -1 132 181 -1 181 -1 -2
26 -1 26 37 -1 37 -1 -2
6 -1 6 9 -1 6 38 -1 9 -1 9 38 -1 38 -1 -2
9 -1 9 12 -1 9 56 -1 12 -1 12 56 -1 56 -1 -2
8 -1 8 47 -1 8 175 -1 47 -1 47 175 -1 175 -1 -2
12 -1 12 42 -1 42 -1 -2
7 -1 7 37 -1 7 98 -1 7 151 -1 37 -1 37 98 -1 37 151 -1 98 -1 98 151 -1 151 -1 -2
8 -1 8 47 -1 47 -1 -2
42 -1 42 43 -1 42 80 -1 42 149 -1 43 -1 43 80 -1 43 149 -1 80 -1 80 149 -1 149 -1 -2
1 -1 1 17 -1 1 35 -1 1 42 -1 1 56 -1 17 -1 17 35 -1 17 42 -1 17 56 -1 35 -1 35 42 -1 35 56 -1 42 -1 42 56 -1 56 -1 -2
1 -1 1 9 -1 1 13 -1 1 29 -1 1 44 -1 1 151 -1 1 182 -1 9 -1 9 13 -1 9 29 -1 9 44 -1 9 151 -1 9 182 -1 13 -1 13 29 -1 13 44 -1 13 151 -1 13 182 -1 29 -1 29 44 -1 29 151 -1 29 182 -1 44 -1 44 151 -1 44 182 -1 151 -1 151 182 -1 182 -1 -2
12 -1 12 29 -1 12 73 -1 12 77 -1 12 194 -1 29 -1 29 73 -1 29 77 -1 29 194 -1 73 -1 73 77 -1 73 194 -1 77 -1 77 194 -1 194 -1 -2
8 -1 8 151 -1 151 -1 -2
2 -1 2 24 -1 24 -1 -2
50 -1 50 51 -1 51 -1 -2
14 -1 14 44 -1 14 172 -1 44 -1 44 172 -1 172 -1 -2
88 -1 88 172 -1 172 -1 -2
8 -1 8 14 -1 8 21 -1 8 47 -1 8 109 -1 8 121 -1 14 -1 14 21 -1 14 47 -1 14 109 -1 14 121 -1 21 -1 21 47 -1 21 109 -1 21 121 -1 47 -1 47 109 -1 47 121 -1 109 -1 109 121 -1 121 -1 -2
8 -1 -2
13 -1 13 29 -1 13 112 -1 29 -1 29 112 -1 112 -1 -2
9 -1 9 16 -1 9 169 -1 16 -1 16 169 -1 169 -1 -2
56 -1 56 93 -1 56 94 -1 93 -1 93 94 -1 94 -1 -2
53 -1 53 79 -1 79 -1 -2
1 -1 1 2 -1 1 14 -1 1 24 -1 1 42 -1 1 53 -1 1 154 -1 2 -1 2 14 -1 2 24 -1 2 42 -1 2 53 -1 2 154 -1 14 -1 14 24 -1 14 42 -1 14 53 -1 14 154 -1 24 -1 24 42 -1 24 53 -1 24 154 -1 42 -1 42 53 -1 42 154 -1 53 -1 53 154 -1 154 -1 -2
8 -1 8 44 -1 8 52 -1 44 -1 44 52 -1 52 -1 -2
13 -1 13 77 -1 77 -1 -2
13 -1 13 25 -1 13 88 -1 25 -1 25 88 -1 88 -1 -2
48 -1 48 94 -1 48 149 -1 94 -1 94 149 -1 149 -1 -2
9 -1 9 21 -1 9 74 -1 9 149 -1 21 -1 21 74 -1 21 149 -1 74 -1 74 149 -1 149 -1 -2
7 -1 7 17 -1 7 80 -1 17 -1 17 80 -1 80 -1 -2
7 -1 7 8 -1 7 44 -1 7 47 -1 7 72 -1 7 128 -1 7 167 -1 8 -1 8 44 -1 8 47 -1 8 72 -1 8 128 -1 8 167 -1 44 -1 44 47 -1 44 72 -1 44 128 -1 44 167 -1 47 -1 47 72 -1 47 128 -1 47 167 -1 72 -1 72 128 -1 72 167 -1 128 -1 128 167 -1 167 -1 -2
7 -1 7 17 -1 7 22 -1 7 52 -1 7 191 -1 7 198 -1 17 -1 17 22 -1 17 52 -1 17 191 -1 17 198 -1 22 -1 22 52 -1 22 191 -1 22 198 -1 52 -1 52 191 -1 52 198 -1 191 -1 191 198 -1 198 -1 -2
1 -1 1 64 -1 1 141 -1 64 -1 64 141 -1 141 -1 -2
50 -1 -2
151 -1 -2
1 -1 1 52 -1 1 120 -1 1 176 -1 52 -1 52 120 -1 52 176 -1 120 -1 120 176 -1 176 -1 -2
19 -1 19 36 -1 36 -1 -2
13 -1 13 94 -1 94 -1 -2
7 -1 -2
2 -1 2 8 -1 2 16 -1 2 167 -1 8 -1 8 16 -1 8 167 -1 16 -1 16 167 -1 167 -1 -2
8 -1 8 35 -1 8 38 -1 35 -1 35 38 -1 38 -1 -2
94 -1 -2
41 -1 41 88 -1 41 134 -1 41 139 -1 88 -1 88 134 -1 88 139 -1 134 -1 134 139 -1 139 -1 -2
7 -1 7 86 -1 7 124 -1 86 -1 86 124 -1 124 -1 -2
8 -1 8 47 -1 8 74 -1 8 121 -1 47 -1 47 74 -1 47 121 -1 74 -1 74 121 -1 121 -1 -2
1 -1 1 2 -1 1 76 -1 2 -1 2 76 -1 76 -1 -2
1 -1 1 37 -1 1 40 -1 1 49 -1 37 -1 37 40 -1 37 49 -1 40 -1 40 49 -1 49 -1 -2
79 -1 79 139 -1 139 -1 -2
2 -1 2 8 -1 2 47 -1 2 121 -1 8 -1 8 47 -1 8 121 -1 47 -1 47 121 -1 121 -1 -2
9 -1 9 38 -1 9 49 -1 9 130 -1 9 171 -1 38 -1 38 49 -1 38 130 -1 38 171 -1 49 -1 49 130 -1 49 171 -1 130 -1 130 171 -1 171 -1 -2
37 -1 37 78 -1 37 97 -1 78 -1 78 97 -1 97 -1 -2
43 -1 43 73 -1 43 133 -1 43 187 -1 73 -1 73 133 -1 73 187 -1 133 -1 133 187 -1 187 -1 -2
112 -1 -2
1 -1 1 14 -1 1 49 -1 1 50 -1 1 53 -1 1 160 -1 14 -1 14 49 -1 14 50 -1 14 53 -1 14 160 -1 49 -1 49 50 -1 49 53 -1 49 160 -1 50 -1 50 53 -1 50 160 -1 53 -1 53 160 -1 160 -1 -2
17 -1 17 181 -1 181 -1 -2
14 -1 14 17 -1 14 24 -1 14 130 -1 17 -1 17 24 -1 17 130 -1 24 -1 24 130 -1 130 -1 -2
37 -1 37 108 -1 37 139 -1 108 -1 108 139 -1 139 -1 -2
2 -1 2 14 -1 14 -1 -2
7 -1 7 16 -1 7 33 -1 7 42 -1 7 48 -1 7 65 -1 16 -1 16 33 -1 16 42 -1 16 48 -1 16 65 -1 33 -1 33 42 -1 33 48 -1 33 65 -1 42 -1 42 48 -1 42 65 -1 48 -1 48 65 -1 65 -1 -2
7 -1 -2
9 -1 9 42 -1 9 108 -1 42 -1 42 108 -1 108 -1 -2
7 -1 7 14 -1 7 64 -1 14 -1 14 64 -1 64 -1 -2
6 -1 6 29 -1 29 -1 -2
16 -1 16 98 -1 16 169 -1 16 177 -1 98 -1 98 169 -1 98 177 -1 169 -1 169 177 -1 177 -1 -2
50 -1 50 56 -1 50 134 -1 56 -1 56 134 -1 134 -1 -2
8 -1 8 52 -1 8 189 -1 52 -1 52 189 -1 189 -1 -2
74 -1 -2
6 -1 6 9 -1 6 104 -1 9 -1 9 104 -1 104 -1 -2
46 -1 46 75 -1 46 131 -1 75 -1 75 131 -1 131 -1 -2
13 -1 13 19 -1 13 42 -1 13 53 -1 13 183 -1 19 -1 19 42 -1 19 53 -1 19 183 -1 42 -1 42 53 -1 42 183 -1 53 -1 53 183 -1 183 -1 -2
8 -1 8 52 -1 52 -1 -2
21 -1 21 137 -1 137 -1 -2
8 -1 8 36 -1 8 55 -1 8 72 -1 8 129 -1 8 189 -1 36 -1 36 55 -1 36 72 -1 36 129 -1 36 189 -1 55 -1 55 72 -1 55 129 -1 55 189 -1 72 -1 72 129 -1 72 189 -1 129 -1 129 189 -1 189 -1 -2
1 -1 1 9 -1 1 13 -1 1 29 -1 1 182 -1 9 -1 9 13 -1 9 29 -1 9 182 -1 13 -1 13 29 -1 13 182 -1 29 -1 29 182 -1 182 -1 -2
1 -1 1 6 -1 1 131 -1 1 160 -1 6 -1 6 131 -1 6 160 -1 131 -1 131 160 -1 160 -1 -2
1 -1 1 40 -1 40 -1 -2
37 -1 37 120 -1 37 177 -1 37 186 -1 120 -1 120 177 -1 120 186 -1 177 -1 177 186 -1 186 -1 -2
6 -1 6 16 -1 6 33 -1 6 65 -1 6 152 -1 16 -1 16 33 -1 16 65 -1 16 152 -1 33 -1 33 65 -1 33 152 -1 65 -1 65 152 -1 152 -1 -2
16 -1 16 25 -1 16 61 -1 25 -1 25 61 -1 61 -1 -2
14 -1 14 176 -1 176 -1 -2
6 -1 6 32 -1 32 -1 -2
186 -1 -2
94 -1 -2
6 -1 6 26 -1 6 94 -1 26 -1 26 94 -1 94 -1 -2
24 -1 24 33 -1 24 94 -1 24 169 -1 33 -1 33 94 -1 33 169 -1 94 -1 94 169 -1 169 -1 -2
13 -1 13 32 -1 13 42 -1 13 56 -1 13 93 -1 13 108 -1 13 183 -1 32 -1 32 42 -1 32 56 -1 32 93 -1 32 108 -1 32 183 -1 42 -1 42 56 -1 42 93 -1 42 108 -1 42 183 -1 56 -1 56 93 -1 56 108 -1 56 183 -1 93 -1 93 108 -1 93 183 -1 108 -1 108 183 -1 183 -1 -2
47 -1 47 50 -1 47 61 -1 47 199 -1 50 -1 50 61 -1 50 199 -1 61 -1 61 199 -1 199 -1 -2
6 -1 6 130 -1 6 139 -1 130 -1 130 139 -1 139 -1 -2
1 -1 1 38 -1 38 -1 -2
130 -1 130 167 -1 167 -1 -2
8 -1 8 25 -1 8 49 -1 8 88 -1 8 169 -1 25 -1 25 49 -1 25 88 -1 25 169 -1 49 -1 49 88 -1 49 169 -1 88 -1 88 169 -1 169 -1 -2
33 -1 33 53 -1 33 141 -1 33 160 -1 53 -1 53 141 -1 53 160 -1 141 -1 141 160 -1 160 -1 -2
6 -1 6 16 -1 6 21 -1 16 -1 16 21 -1 21 -1 -2
36 -1 -2
6 -1 -2
25 -1 25 29 -1 25 63 -1 29 -1 29 63 -1 63 -1 -2
96 -1 -2
8 -1 -2
1 -1 1 8 -1 1 33 -1 1 34 -1 1 90 -1 1 182 -1 8 -1 8 33 -1 8 34 -1 8 90 -1 8 182 -1 33 -1 33 34 -1 33 90 -1 33 182 -1 34 -1 34 90 -1 34 182 -1 90 -1 90 182 -1 182 -1 -2
9 -1 -2
37 -1 37 120 -1 37 186 -1 120 -1 120 186 -1 186 -1 -2
2 -1 -2
14 -1 14 199 -1 199 -1 -2
32 -1 -2
13 -1 13 29 -1 13 162 -1 29 -1 29 162 -1 162 -1 -2
16 -1 16 29 -1 16 65 -1 29 -1 29 65 -1 65 -1 -2
93 -1 -2
56 -1 56 93 -1 56 98 -1 93 -1 93 98 -1 98 -1 -2
6 -1 6 25 -1 6 40 -1 6 70 -1 6 77 -1 25 -1 25 40 -1 25 70 -1 25 77 -1 40 -1 40 70 -1 40 77 -1 70 -1 70 77 -1 77 -1 -2
6 -1 6 17 -1 6 69 -1 17 -1 17 69 -1 69 -1 -2
21 -1 21 40 -1 21 65 -1 21 66 -1 21 96 -1 21 165 -1 21 198 -1 40 -1 40 65 -1 40 66 -1 40 96 -1 40 165 -1 40 198 -1 65 -1 65 66 -1 65 96 -1 65 165 -1 65 198 -1 66 -1 66 96 -1 66 165 -1 66 198 -1 96 -1 96 165 -1 96 198 -1 165 -1 165 198 -1 198 -1 -2
8 -1 8 47 -1 8 49 -1 8 138 -1 47 -1 47 49 -1 47 138 -1 49 -1 49 138 -1 138 -1 -2
92 -1 -2
9 -1 9 19 -1 9 38 -1 19 -1 19 38 -1 38 -1 -2
70 -1 70 79 -1 70 131 -1 79 -1 79 131 -1 131 -1 -2
2 -1 2 13 -1 2 94 -1 2 198 -1 13 -1 13 94 -1 13 198 -1 94 -1 94 198 -1 198 -1 -2
1 -1 1 64 -1 1 132 -1 1 133 -1 64 -1 64 132 -1 64 133 -1 132 -1 132 133 -1 133 -1 -2
78 -1 78 151 -1 151 -1 -2
8 -1 8 90 -1 90 -1 -2
98 -1 98 143 -1 143 -1 -2
38 -1 38 86 -1 38 97 -1 38 124 -1 86 -1 86 97 -1 86 124 -1 97 -1 97 124 -1 124 -1 -2
9 -1 9 19 -1 9 149 -1 9 188 -1 19 -1 19 149 -1 19 188 -1 149 -1 149 188 -1 188 -1 -2
42 -1 -2
34 -1 34 53 -1 34 69 -1 34 95 -1 53 -1 53 69 -1 53 95 -1 69 -1 69 95 -1 95 -1 -2
25 -1 25 53 -1 25 79 -1 25 194 -1 53 -1 53 79 -1 53 194 -1 79 -1 79 194 -1 194 -1 -2
8 -1 8 55 -1 8 189 -1 55 -1 55 189 -1 189 -1 -2
94 -1 94 152 -1 152 -1 -2
35 -1 35 44 -1 35 75 -1 35 88 -1 44 -1 44 75 -1 44 88 -1 75 -1 75 88 -1 88 -1 -2
13 -1 13 40 -1 13 53 -1 13 61 -1 40 -1 40 53 -1 40 61 -1 53 -1 53 61 -1 61 -1 -2
29 -1 29 43 -1 29 172 -1 43 -1 43 172 -1 172 -1 -2
2 -1 2 9 -1 2 22 -1 9 -1 9 22 -1 22 -1 -2
52 -1 52 108 -1 52 130 -1 108 -1 108 130 -1 130 -1 -2
21 -1 21 36 -1 21 44 -1 21 47 -1 36 -1 36 44 -1 36 47 -1 44 -1 44 47 -1 47 -1 -2
7 -1 7 78 -1 7 112 -1 78 -1 78 112 -1 112 -1 -2
47 -1 47 49 -1 47 133 -1 47 199 -1 49 -1 49 133 -1 49 199 -1 133 -1 133 199 -1 199 -1 -2
21 -1 21 117 -1 117 -1 -2
40 -1 40 80 -1 40 98 -1 80 -1 80 98 -1 98 -1 -2
8 -1 8 14 -1 8 47 -1 8 121 -1 14 -1 14 47 -1 14 121 -1 47 -1 47 121 -1 121 -1 -2
24 -1 24 31 -1 24 40 -1 24 52 -1 24 137 -1 24 145 -1 24 187 -1 31 -1 31 40 -1 31 52 -1 31 137 -1 31 145 -1 31 187 -1 40 -1 40 52 -1 40 137 -1 40 145 -1 40 187 -1 52 -1 52 137 -1 52 145 -1 52 187 -1 137 -1 137 145 -1 137 187 -1 145 -1 145 187 -1 187 -1 -2
16 -1 16 32 -1 16 51 -1 16 94 -1 32 -1 32 51 -1 32 94 -1 51 -1 51 94 -1 94 -1 -2
37 -1 37 88 -1 37 189 -1 88 -1 88 189 -1 189 -1 -2
50 -1 50 56 -1 50 93 -1 56 -1 56 93 -1 93 -1 -2
1 -1 1 22 -1 1 48 -1 1 53 -1 1 95 -1 1 130 -1 1 133 -1 1 154 -1 22 -1 22 48 -1 22 53 -1 22 95 -1 22 130 -1 22 133 -1 22 154 -1 48 -1 48 53 -1 48 95 -1 48 130 -1 48 133 -1 48 154 -1 53 -1 53 95 -1 53 130 -1 53 133 -1 53 154 -1 95 -1 95 130 -1 95 133 -1 95 154 -1 130 -1 130 133 -1 130 154 -1 133 -1 133 154 -1 154 -1 -2
13 -1 13 43 -1 13 132 -1 13 160 -1 43 -1 43 132 -1 43 160 -1 132 -1 132 160 -1 160 -1 -2
8 -1 8 21 -1 8 64 -1 8 133 -1 21 -1 21 64 -1 21 133 -1 64 -1 64 133 -1 133 -1 -2
7 -1 7 94 -1 7 167 -1 94 -1 94 167 -1 167 -1 -2
34 -1 34 52 -1 34 69 -1 34 86 -1 52 -1 52 69 -1 52 86 -1 69 -1 69 86 -1 86 -1 -2
17 -1 17 21 -1 17 40 -1 21 -1 21 40 -1 40 -1 -2
48 -1 48 86 -1 86 -1 -2
1 -1 -2
99 -1 -2
1 -1 1 6 -1 1 9 -1 1 26 -1 1 44 -1 1 73 -1 1 151 -1 6 -1 6 9 -1 6 26 -1 6 44 -1 6 73 -1 6 151 -1 9 -1 9 26 -1 9 44 -1 9 73 -1 9 151 -1 26 -1 26 44 -1 26 73 -1 26 151 -1 44 -1 44 73 -1 44 151 -1 73 -1 73 151 -1 151 -1 -2
47 -1 47 64 -1 47 130 -1 64 -1 64 130 -1 130 -1 -2
42 -1 42 167 -1 167 -1 -2
16 -1 16 49 -1 49 -1 -2
8 -1 8 21 -1 8 74 -1 8 149 -1 21 -1 21 74 -1 21 149 -1 74 -1 74 149 -1 149 -1 -2
75 -1 75 132 -1 75 180 -1 132 -1 132 180 -1 180 -1 -2
40 -1 40 61 -1 40 66 -1 61 -1 61 66 -1 66 -1 -2
19 -1 19 26 -1 19 37 -1 26 -1 26 37 -1 37 -1 -2
16 -1 16 42 -1 16 92 -1 16 97 -1 42 -1 42 92 -1 42 97 -1 92 -1 92 97 -1 97 -1 -2
8 -1 8 29 -1 8 38 -1 8 121 -1 29 -1 29 38 -1 29 121 -1 38 -1 38 121 -1 121 -1 -2
2 -1 -2
26 -1 26 156 -1 156 -1 -2
18 -1 18 56 -1 18 182 -1 56 -1 56 182 -1 182 -1 -2
2 -1 2 8 -1 2 92 -1 8 -1 8 92 -1 92 -1 -2
88 -1 88 180 -1 88 189 -1 180 -1 180 189 -1 189 -1 -2
6 -1 6 16 -1 6 32 -1 6 94 -1 16 -1 16 32 -1 16 94 -1 32 -1 32 94 -1 94 -1 -2
9 -1 9 12 -1 9 16 -1 9 56 -1 12 -1 12 16 -1 12 56 -1 16 -1 16 56 -1 56 -1 -2
8 -1 8 17 -1 8 138 -1 17 -1 17 138 -1 138 -1 -2
113 -1 -2
19 -1 19 22 -1 22 -1 -2
2 -1 2 40 -1 2 61 -1 2 70 -1 2 77 -1 40 -1 40 61 -1 40 70 -1 40 77 -1 61 -1 61 70 -1 61 77 -1 70 -1 70 77 -1 77 -1 -2
70 -1 70 78 -1 70 85 -1 78 -1 78 85 -1 85 -1 -2
8 -1 8 29 -1 8 181 -1 29 -1 29 181 -1 181 -1 -2
50 -1 50 56 -1 50 76 -1 50 93 -1 50 177 -1 56 -1 56 76 -1 56 93 -1 56 177 -1 76 -1 76 93 -1 76 177 -1 93 -1 93 177 -1 177 -1 -2
18 -1 -2
9 -1 9 21 -1 9 53 -1 9 108 -1 21 -1 21 53 -1 21 108 -1 53 -1 53 108 -1 108 -1 -2
8 -1 8 21 -1 8 29 -1 8 47 -1 21 -1 21 29 -1 21 47 -1 29 -1 29 47 -1 47 -1 -2
26 -1 -2
8 -1 8 14 -1 8 47 -1 8 169 -1 14 -1 14 47 -1 14 169 -1 47 -1 47 169 -1 169 -1 -2
52 -1 52 137 -1 137 -1 -2
1 -1 1 9 -1 1 26 -1 1 37 -1 1 52 -1 1 123 -1 1 151 -1 9 -1 9 26 -1 9 37 -1 9 52 -1 9 123 -1 9 151 -1 26 -1 26 37 -1 26 52 -1 26 123 -1 26 151 -1 37 -1 37 52 -1 37 123 -1 37 151 -1 52 -1 52 123 -1 52 151 -1 123 -1 123 151 -1 151 -1 -2
17 -1 17 25 -1 17 32 -1 17 108 -1 17 194 -1 25 -1 25 32 -1 25 108 -1 25 194 -1 32 -1 32 108 -1 32 194 -1 108 -1 108 194 -1 194 -1 -2
7 -1 7 96 -1 96 -1 -2
8 -1 8 37 -1 8 86 -1 8 124 -1 8 186 -1 37 -1 37 86 -1 37 124 -1 37 186 -1 86 -1 86 124 -1 86 186 -1 124 -1 124 186 -1 186 -1 -2
47 -1 47 130 -1 130 -1 -2
6 -1 6 18 -1 6 121 -1 18 -1 18 121 -1 121 -1 -2
171 -1 171 181 -1 181 -1 -2
17 -1 -2
13 -1 13 19 -1 13 35 -1 13 44 -1 13 52 -1 13 113 -1 13 191 -1 19 -1 19 35 -1 19 44 -1 19 52 -1 19 113 -1 19 191 -1 35 -1 35 44 -1 35 52 -1 35 113 -1 35 191 -1 44 -1 44 52 -1 44 113 -1 44 191 -1 52 -1 52 113 -1 52 191 -1 113 -1 113 191 -1 191 -1 -2
19 -1 19 31 -1 19 131 -1 31 -1 31 131 -1 131 -1 -2
9 -1 9 13 -1 9 169 -1 13 -1 13 169 -1 169 -1 -2
8 -1 8 36 -1 8 64 -1 8 191 -1 36 -1 36 64 -1 36 191 -1 64 -1 64 191 -1 191 -1 -2
7 -1 7 37 -1 7 78 -1 37 -1 37 78 -1 78 -1 -2
43 -1 43 94 -1 43 169 -1 94 -1 94 169 -1 169 -1 -2
24 -1 24 32 -1 32 -1 -2
9 -1 9 13 -1 9 51 -1 9 56 -1 13 -1 13 51 -1 13 56 -1 51 -1 51 56 -1 56 -1 -2
123 -1 123 186 -1 186 -1 -2
6 -1 6 8 -1 6 29 -1 8 -1 8 29 -1 29 -1 -2
1 -1 1 18 -1 1 48 -1 1 93 -1 1 169 -1 18 -1 18 48 -1 18 93 -1 18 169 -1 48 -1 48 93 -1 48 169 -1 93 -1 93 169 -1 169 -1 -2
8 -1 8 35 -1 8 130 -1 8 167 -1 35 -1 35 130 -1 35 167 -1 130 -1 130 167 -1 167 -1 -2
12 -1 12 32 -1 12 112 -1 12 168 -1 32 -1 32 112 -1 32 168 -1 112 -1 112 168 -1 168 -1 -2
2 -1 2 29 -1 2 37 -1 2 66 -1 29 -1 29 37 -1 29 66 -1 37 -1 37 66 -1 66 -1 -2
42 -1 42 48 -1 42 108 -1 42 149 -1 48 -1 48 108 -1 48 149 -1 108 -1 108 149 -1 149 -1 -2
1 -1 1 2 -1 1 7 -1 1 14 -1 1 24 -1 1 109 -1 2 -1 2 7 -1 2 14 -1 2 24 -1 2 109 -1 7 -1 7 14 -1 7 24 -1 7 109 -1 14 -1 14 24 -1 14 109 -1 24 -1 24 109 -1 109 -1 -2
73 -1 73 120 -1 73 145 -1 73 176 -1 120 -1 120 145 -1 120 176 -1 145 -1 145 176 -1 176 -1 -2
51 -1 51 53 -1 51 56 -1 51 168 -1 53 -1 53 56 -1 53 168 -1 56 -1 56 168 -1 168 -1 -2
17 -1 17 89 -1 17 120 -1 89 -1 89 120 -1 120 -1 -2
1 -1 1 2 -1 1 9 -1 1 47 -1 1 72 -1 1 129 -1 1 130 -1 2 -1 2 9 -1 2 47 -1 2 72 -1 2 129 -1 2 130 -1 9 -1 9 47 -1 9 72 -1 9 129 -1 9 130 -1 47 -1 47 72 -1 47 129 -1 47 130 -1 72 -1 72 129 -1 72 130 -1 129 -1 129 130 -1 130 -1 -2
13 -1 13 29 -1 13 143 -1 13 162 -1 29 -1 29 143 -1 29 162 -1 143 -1 143 162 -1 162 -1 -2
1 -1 1 2 -1 2 -1 -2
6 -1 6 25 -1 6 141 -1 6 166 -1 25 -1 25 141 -1 25 166 -1 141 -1 141 166 -1 166 -1 -2
8 -1 8 130 -1 130 -1 -2
1 -1 1 14 -1 1 107 -1 1 160 -1 1 187 -1 14 -1 14 107 -1 14 160 -1 14 187 -1 107 -1 107 160 -1 107 187 -1 160 -1 160 187 -1 187 -1 -2
8 -1 8 25 -1 8 50 -1 8 90 -1 8 92 -1 8 93 -1 25 -1 25 50 -1 25 90 -1 25 92 -1 25 93 -1 50 -1 50 90 -1 50 92 -1 50 93 -1 90 -1 90 92 -1 90 93 -1 92 -1 92 93 -1 93 -1 -2
18 -1 18 175 -1 175 -1 -2
1 -1 1 6 -1 1 14 -1 1 52 -1 1 141 -1 1 152 -1 6 -1 6 14 -1 6 52 -1 6 141 -1 6 152 -1 14 -1 14 52 -1 14 141 -1 14 152 -1 52 -1 52 141 -1 52 152 -1 141 -1 141 152 -1 152 -1 -2
34 -1 34 49 -1 34 132 -1 34 180 -1 34 189 -1 49 -1 49 132 -1 49 180 -1 49 189 -1 132 -1 132 180 -1 132 189 -1 180 -1 180 189 -1 189 -1 -2
48 -1 -2
16 -1 16 18 -1 16 43 -1 18 -1 18 43 -1 43 -1 -2
9 -1 9 13 -1 9 14 -1 9 49 -1 9 88 -1 9 128 -1 9 133 -1 9 169 -1 13 -1 13 14 -1 13 49 -1 13 88 -1 13 128 -1 13 133 -1 13 169 -1 14 -1 14 49 -1 14 88 -1 14 128 -1 14 133 -1 14 169 -1 49 -1 49 88 -1 49 128 -1 49 133 -1 49 169 -1 88 -1 88 128 -1 88 133 -1 88 169 -1 128 -1 128 133 -1 128 169 -1 133 -1 133 169 -1 169 -1 -2
25 -1 25 109 -1 109 -1 -2
41 -1 41 53 -1 41 76 -1 41 88 -1 41 134 -1 53 -1 53 76 -1 53 88 -1 53 134 -1 76 -1 76 88 -1 76 134 -1 88 -1 88 134 -1 134 -1 -2
9 -1 9 13 -1 9 29 -1 9 34 -1 9 69 -1 9 95 -1 9 108 -1 9 199 -1 13 -1 13 29 -1 13 34 -1 13 69 -1 13 95 -1 13 108 -1 13 199 -1 29 -1 29 34 -1 29 69 -1 29 95 -1 29 108 -1 29 199 -1 34 -1 34 69 -1 34 95 -1 34 108 -1 34 199 -1 69 -1 69 95 -1 69 108 -1 69 199 -1 95 -1 95 108 -1 95 199 -1 108 -1 108 199 -1 199 -1 -2
95 -1 -2
9 -1 9 16 -1 16 -1 -2
14 -1 14 40 -1 14 66 -1 40 -1 40 66 -1 66 -1 -2
2 -1 2 13 -1 2 24 -1 2 42 -1 2 53 -1 2 78 -1 2 94 -1 13 -1 13 24 -1 13 42 -1 13 53 -1 13 78 -1 13 94 -1 24 -1 24 42 -1 24 53 -1 24 78 -1 24 94 -1 42 -1 42 53 -1 42 78 -1 42 94 -1 53 -1 53 78 -1 53 94 -1 78 -1 78 94 -1 94 -1 -2
43 -1 -2
25 -1 25 74 -1 74 -1 -2
18 -1 18 95 -1 18 167 -1 95 -1 95 167 -1 167 -1 -2
18 -1 18 44 -1 18 152 -1 44 -1 44 152 -1 152 -1 -2
75 -1 75 118 -1 75 166 -1 118 -1 118 166 -1 166 -1 -2
1 -1 1 22 -1 1 38 -1 1 49 -1 1 133 -1 1 141 -1 1 154 -1 1 160 -1 22 -1 22 38 -1 22 49 -1 22 133 -1 22 141 -1 22 154 -1 22 160 -1 38 -1 38 49 -1 38 133 -1 38 141 -1 38 154 -1 38 160 -1 49 -1 49 133 -1 49 141 -1 49 154 -1 49 160 -1 133 -1 133 141 -1 133 154 -1 133 160 -1 141 -1 141 154 -1 141 160 -1 154 -1 154 160 -1 160 -1 -2
24 -1 24 25 -1 24 85 -1 24 92 -1 25 -1 25 85 -1 25 92 -1 85 -1 85 92 -1 92 -1 -2
1 -1 1 9 -1 1 18 -1 1 92 -1 1 96 -1 9 -1 9 18 -1 9 92 -1 9 96 -1 18 -1 18 92 -1 18 96 -1 92 -1 92 96 -1 96 -1 -2
8 -1 8 47 -1 8 121 -1 47 -1 47 121 -1 121 -1 -2
9 -1 9 21 -1 9 35 -1 9 112 -1 9 169 -1 21 -1 21 35 -1 21 112 -1 21 169 -1 35 -1 35 112 -1 35 169 -1 112 -1 112 169 -1 169 -1 -2
8 -1 8 37 -1 8 40 -1 8 47 -1 37 -1 37 40 -1 37 47 -1 40 -1 40 47 -1 47 -1 -2
13 -1 13 78 -1 13 94 -1 78 -1 78 94 -1 94 -1 -2
6 -1 6 86 -1 6 98 -1 6 124 -1 6 141 -1 86 -1 86 98 -1 86 124 -1 86 141 -1 98 -1 98 124 -1 98 141 -1 124 -1 124 141 -1 141 -1 -2
6 -1 6 40 -1 6 43 -1 40 -1 40 43 -1 43 -1 -2
1 -1 1 2 -1 1 9 -1 1 17 -1 1 43 -1 1 76 -1 1 95 -1 2 -1 2 9 -1 2 17 -1 2 43 -1 2 76 -1 2 95 -1 9 -1 9 17 -1 9 43 -1 9 76 -1 9 95 -1 17 -1 17 43 -1 17 76 -1 17 95 -1 43 -1 43 76 -1 43 95 -1 76 -1 76 95 -1 95 -1 -2
17 -1 17 91 -1 91 -1 -2
56 -1 56 143 -1 143 -1 -2
8 -1 8 169 -1 169 -1 -2
25 -1 25 49 -1 49 -1 -2
8 -1 8 17 -1 8 116 -1 17 -1 17 116 -1 116 -1 -2
7 -1 7 33 -1 33 -1 -2
1 -1 1 37 -1 1 43 -1 1 48 -1 1 49 -1 1 77 -1 1 109 -1 1 160 -1 37 -1 37 43 -1 37 48 -1 37 49 -1 37 77 -1 37 109 -1 37 160 -1 43 -1 43 48 -1 43 49 -1 43 77 -1 43 109 -1 43 160 -1 48 -1 48 49 -1 48 77 -1 48 109 -1 48 160 -1 49 -1 49 77 -1 49 109 -1 49 160 -1 77 -1 77 109 -1 77 160 -1 109 -1 109 160 -1 160 -1 -2
6 -1 6 16 -1 6 32 -1 6 164 -1 16 -1 16 32 -1 16 164 -1 32 -1 32 164 -1 164 -1 -2
42 -1 42 149 -1 42 164 -1 149 -1 149 164 -1 164 -1 -2
37 -1 37 45 -1 37 90 -1 45 -1 45 90 -1 90 -1 -2
16 -1 16 196 -1 196 -1 -2
6 -1 6 17 -1 6 32 -1 17 -1 17 32 -1 32 -1 -2
9 -1 9 48 -1 48 -1 -2
8 -1 8 9 -1 8 108 -1 9 -1 9 108 -1 108 -1 -2
18 -1 18 21 -1 18 123 -1 18 137 -1 21 -1 21 123 -1 21 137 -1 123 -1 123 137 -1 137 -1 -2
35 -1 35 130 -1 130 -1 -2
2 -1 2 6 -1 2 42 -1 2 117 -1 2 143 -1 2 167 -1 6 -1 6 42 -1 6 117 -1 6 143 -1 6 167 -1 42 -1 42 117 -1 42 143 -1 42 167 -1 117 -1 117 143 -1 117 167 -1 143 -1 143 167 -1 167 -1 -2
1 -1 1 75 -1 1 97 -1 1 104 -1 1 116 -1 75 -1 75 97 -1 75 104 -1 75 116 -1 97 -1 97 104 -1 97 116 -1 104 -1 104 116 -1 116 -1 -2
8 -1 8 16 -1 8 90 -1 8 169 -1 16 -1 16 90 -1 16 169 -1 90 -1 90 169 -1 169 -1 -2
8 -1 8 16 -1 8 17 -1 8 65 -1 16 -1 16 17 -1 16 65 -1 17 -1 17 65 -1 65 -1 -2
13 -1 13 44 -1 13 169 -1 44 -1 44 169 -1 169 -1 -2
29 -1 -2
1 -1 1 2 -1 1 52 -1 1 131 -1 1 160 -1 2 -1 2 52 -1 2 131 -1 2 160 -1 52 -1 52 131 -1 52 160 -1 131 -1 131 160 -1 160 -1 -2
48 -1 48 75 -1 48 171 -1 75 -1 75 171 -1 171 -1 -2
138 -1 -2
1 -1 1 12 -1 1 130 -1 1 154 -1 12 -1 12 130 -1 12 154 -1 130 -1 130 154 -1 154 -1 -2
1 -1 -2
8 -1 8 35 -1 8 40 -1 35 -1 35 40 -1 40 -1 -2