131 -1 131 154 -1 154 -1 -2
7 -1 7 14 -1 7 19 -1 7 40 -1 7 61 -1 7 199 -1 14 -1 14 19 -1 14 40 -1 14 61 -1 14 199 -1 19 -1 19 40 -1 19 61 -1 19 199 -1 40 -1 40 61 -1 40 199 -1 61 -1 61 199 -1 199 -1 -2
2 -1 -2
66 -1 66 164 -1 164 -1 -2
16 -1 16 19 -1 16 42 -1 16 149 -1 16 191 -1 19 -1 19 42 -1 19 149 -1 19 191 -1 42 -1 42 149 -1 42 191 -1 149 -1 149 191 -1 191 -1 -2
1 -1 1 9 -1 1 13 -1 1 18 -1 1 50 -1 9 -1 9 13 -1 9 18 -1 9 50 -1 13 -1 13 18 -1 13 50 -1 18 -1 18 50 -1 50 -1 -2
6 -1 6 48 -1 6 74 -1 48 -1 48 74 -1 74 -1 -2
1 -1 1 16 -1 1 21 -1 1 109 -1 16 -1 16 21 -1 16 109 -1 21 -1 21 109 -1 109 -1 -2
8 -1 8 18 -1 8 47 -1 8 167 -1 18 -1 18 47 -1 18 167 -1 47 -1 47 167 -1 167 -1 -2
32 -1 32 45 -1 32 152 -1 45 -1 45 152 -1 152 -1 -2
2 -1 2 52 -1 2 92 -1 52 -1 52 92 -1 92 -1 -2
14 -1 -2
1 -1 1 8 -1 1 19 -1 1 26 -1 1 151 -1 8 -1 8 19 -1 8 26 -1 8 151 -1 19 -1 19 26 -1 19 151 -1 26 -1 26 151 -1 151 -1 -2
7 -1 7 8 -1 7 14 -1 7 18 -1 7 47 -1 7 121 -1 8 -1 8 14 -1 8 18 -1 8 47 -1 8 121 -1 14 -1 14 18 -1 14 47 -1 14 121 -1 18 -1 18 47 -1 18 121 -1 47 -1 47 121 -1 121 -1 -2
7 -1 7 12 -1 7 49 -1 12 -1 12 49 -1 49 -1 -2
1 -1 1 45 -1 1 46 -1 1 113 -1 1 137 -1 45 -1 45 46 -1 45 113 -1 45 137 -1 46 -1 46 113 -1 46 137 -1 113 -1 113 137 -1 137 -1 -2
47 -1 47 169 -1 47 199 -1 169 -1 169 199 -1 199 -1 -2
16 -1 -2
9 -1 9 56 -1 56 -1 -2
18 -1 18 19 -1 18 31 -1 18 77 -1 19 -1 19 31 -1 19 77 -1 31 -1 31 77 -1 77 -1 -2
13 -1 13 34 -1 13 69 -1 13 76 -1 34 -1 34 69 -1 34 76 -1 69 -1 69 76 -1 76 -1 -2
1 -1 1 29 -1 29 -1 -2
2 -1 2 42 -1 2 53 -1 2 108 -1 2 183 -1 42 -1 42 53 -1 42 108 -1 42 183 -1 53 -1 53 108 -1 53 183 -1 108 -1 108 183 -1 183 -1 -2
50 -1 50 66 -1 50 198 -1 66 -1 66 198 -1 198 -1 -2
7 -1 7 37 -1 7 92 -1 37 -1 37 92 -1 92 -1 -2
8 -1 8 189 -1 189 -1 -2
44 -1 -2
9 -1 9 74 -1 9 97 -1 9 116 -1 74 -1 74 97 -1 74 116 -1 97 -1 97 116 -1 116 -1 -2
8 -1 8 13 -1 13 -1 -2
26 -1 26 123 -1 123 -1 -2
6 -1 6 113 -1 6 139 -1 113 -1 113 139 -1 139 -1 -2
14 -1 14 19 -1 14 45 -1 19 -1 19 45 -1 45 -1 -2
6 -1 6 35 -1 6 38 -1 6 48 -1 35 -1 35 38 -1 35 48 -1 38 -1 38 48 -1 48 -1 -2
13 -1 13 26 -1 13 35 -1 13 40 -1 13 73 -1 13 198 -1 26 -1 26 35 -1 26 40 -1 26 73 -1 26 198 -1 35 -1 35 40 -1 35 73 -1 35 198 -1 40 -1 40 73 -1 40 198 -1 73 -1 73 198 -1 198 -1 -2
43 -1 43 113 -1 43 114 -1 113 -1 113 114 -1 114 -1 -2
6 -1 6 32 -1 6 40 -1 6 92 -1 32 -1 32 40 -1 32 92 -1 40 -1 40 92 -1 92 -1 -2
1 -1 1 21 -1 1 64 -1 1 164 -1 21 -1 21 64 -1 21 164 -1 64 -1 64 164 -1 164 -1 -2
7 -1 7 43 -1 7 162 -1 7 194 -1 43 -1 43 162 -1 43 194 -1 162 -1 162 194 -1 194 -1 -2
2 -1 2 7 -1 2 14 -1 2 31 -1 2 71 -1 2 180 -1 7 -1 7 14 -1 7 31 -1 7 71 -1 7 180 -1 14 -1 14 31 -1 14 71 -1 14 180 -1 31 -1 31 71 -1 31 180 -1 71 -1 71 180 -1 180 -1 -2
22 -1 22 29 -1 22 86 -1 22 88 -1 22 124 -1 29 -1 29 86 -1 29 88 -1 29 124 -1 86 -1 86 88 -1 86 124 -1 88 -1 88 124 -1 124 -1 -2
47 -1 47 199 -1 199 -1 -2
17 -1 17 24 -1 24 -1 -2
13 -1 13 49 -1 13 181 -1 49 -1 49 181 -1 181 -1 -2
16 -1 16 65 -1 65 -1 -2
7 -1 7 42 -1 7 143 -1 42 -1 42 143 -1 143 -1 -2
6 -1 6 53 -1 53 -1 -2
2 -1 2 6 -1 2 12 -1 2 43 -1 2 95 -1 2 136 -1 6 -1 6 12 -1 6 43 -1 6 95 -1 6 136 -1 12 -1 12 43 -1 12 95 -1 12 136 -1 43 -1 43 95 -1 43 136 -1 95 -1 95 136 -1 136 -1 -2
14 -1 14 17 -1 14 31 -1 14 176 -1 17 -1 17 31 -1 17 176 -1 31 -1 31 176 -1 176 -1 -2
37 -1 37 113 -1 37 137 -1 113 -1 113 137 -1 137 -1 -2
7 -1 7 25 -1 7 49 -1 7 194 -1 25 -1 25 49 -1 25 194 -1 49 -1 49 194 -1 194 -1 -2
9 -1 9 13 -1 9 94 -1 9 199 -1 13 -1 13 94 -1 13 199 -1 94 -1 94 199 -1 199 -1 -2
9 -1 9 180 -1 180 -1 -2
16 -1 16 65 -1 16 139 -1 65 -1 65 139 -1 139 -1 -2
1 -1 1 175 -1 175 -1 -2
2 -1 2 8 -1 2 18 -1 8 -1 8 18 -1 18 -1 -2
88 -1 88 137 -1 137 -1 -2
21 -1 21 32 -1 21 47 -1 21 109 -1 21 112 -1 32 -1 32 47 -1 32 109 -1 32 112 -1 47 -1 47 109 -1 47 112 -1 109 -1 109 112 -1 112 -1 -2
7 -1 7 22 -1 22 -1 -2
6 -1 6 38 -1 6 48 -1 6 133 -1 6 141 -1 38 -1 38 48 -1 38 133 -1 38 141 -1 48 -1 48 133 -1 48 141 -1 133 -1 133 141 -1 141 -1 -2
2 -1 2 8 -1 2 37 -1 2 86 -1 8 -1 8 37 -1 8 86 -1 37 -1 37 86 -1 86 -1 -2
7 -1 7 9 -1 7 16 -1 7 149 -1 9 -1 9 16 -1 9 149 -1 16 -1 16 149 -1 149 -1 -2
180 -1 -2
33 -1 33 86 -1 33 152 -1 86 -1 86 152 -1 152 -1 -2
8 -1 8 35 -1 8 187 -1 35 -1 35 187 -1 187 -1 -2
49 -1 -2
29 -1 29 40 -1 29 49 -1 29 61 -1 29 73 -1 40 -1 40 49 -1 40 61 -1 40 73 -1 49 -1 49 61 -1 49 73 -1 61 -1 61 73 -1 73 -1 -2
8 -1 8 13 -1 8 108 -1 13 -1 13 108 -1 108 -1 -2
2 -1 2 14 -1 2 33 -1 2 112 -1 2 137 -1 14 -1 14 33 -1 14 112 -1 14 137 -1 33 -1 33 112 -1 33 137 -1 112 -1 112 137 -1 137 -1 -2
6 -1 6 9 -1 6 13 -1 6 29 -1 6 40 -1 6 61 -1 6 73 -1 9 -1 9 13 -1 9 29 -1 9 40 -1 9 61 -1 9 73 -1 13 -1 13 29 -1 13 40 -1 13 61 -1 13 73 -1 29 -1 29 40 -1 29 61 -1 29 73 -1 40 -1 40 61 -1 40 73 -1 61 -1 61 73 -1 73 -1 -2
9 -1 -2
21 -1 21 33 -1 33 -1 -2
1 -1 1 18 -1 1 29 -1 1 123 -1 18 -1 18 29 -1 18 123 -1 29 -1 29 123 -1 123 -1 -2
16 -1 16 38 -1 16 49 -1 38 -1 38 49 -1 49 -1 -2
16 -1 16 38 -1 16 86 -1 38 -1 38 86 -1 86 -1 -2
74 -1 74 112 -1 74 169 -1 112 -1 112 169 -1 169 -1 -2
94 -1 94 131 -1 131 -1 -2
6 -1 6 9 -1 9 -1 -2
2 -1 2 16 -1 2 166 -1 16 -1 16 166 -1 166 -1 -2
17 -1 17 89 -1 17 121 -1 17 137 -1 89 -1 89 121 -1 89 137 -1 121 -1 121 137 -1 137 -1 -2
9 -1 9 13 -1 9 33 -1 9 41 -1 9 134 -1 13 -1 13 33 -1 13 41 -1 13 134 -1 33 -1 33 41 -1 33 134 -1 41 -1 41 134 -1 134 -1 -2
6 -1 6 48 -1 6 50 -1 6 61 -1 6 86 -1 48 -1 48 50 -1 48 61 -1 48 86 -1 50 -1 50 61 -1 50 86 -1 61 -1 61 86 -1 86 -1 -2
8 -1 8 53 -1 8 76 -1 8 90 -1 53 -1 53 76 -1 53 90 -1 76 -1 76 90 -1 90 -1 -2
26 -1 26 89 -1 26 137 -1 89 -1 89 137 -1 137 -1 -2
43 -1 -2
88 -1 -2
179 -1 -2
2 -1 2 6 -1 2 25 -1 2 86 -1 2 124 -1 2 152 -1 6 -1 6 25 -1 6 86 -1 6 124 -1 6 152 -1 25 -1 25 86 -1 25 124 -1 25 152 -1 86 -1 86 124 -1 86 152 -1 124 -1 124 152 -1 152 -1 -2
154 -1 -2
31 -1 31 34 -1 31 37 -1 34 -1 34 37 -1 37 -1 -2
9 -1 9 25 -1 9 181 -1 25 -1 25 181 -1 181 -1 -2
17 -1 17 50 -1 17 78 -1 17 166 -1 50 -1 50 78 -1 50 166 -1 78 -1 78 166 -1 166 -1 -2
2 -1 2 8 -1 2 50 -1 8 -1 8 50 -1 50 -1 -2
17 -1 17 44 -1 17 128 -1 44 -1 44 128 -1 128 -1 -2
17 -1 17 18 -1 17 24 -1 17 34 -1 17 37 -1 18 -1 18 24 -1 18 34 -1 18 37 -1 24 -1 24 34 -1 24 37 -1 34 -1 34 37 -1 37 -1 -2
1 -1 1 105 -1 105 -1 -2
47 -1 47 164 -1 164 -1 -2
74 -1 -2
86 -1 86 124 -1 124 -1 -2
16 -1 16 32 -1 16 94 -1 32 -1 32 94 -1 94 -1 -2
17 -1 17 164 -1 164 -1 -2
8 -1 8 36 -1 8 52 -1 8 53 -1 36 -1 36 52 -1 36 53 -1 52 -1 52 53 -1 53 -1 -2
130 -1 -2
189 -1 -2
7 -1 7 13 -1 7 29 -1 7 42 -1 7 61 -1 7 77 -1 7 180 -1 13 -1 13 29 -1 13 42 -1 13 61 -1 13 77 -1 13 180 -1 29 -1 29 42 -1 29 61 -1 29 77 -1 29 180 -1 42 -1 42 61 -1 42 77 -1 42 180 -1 61 -1 61 77 -1 61 180 -1 77 -1 77 180 -1 180 -1 -2
79 -1 79 117 -1 117 -1 -2
1 -1 1 34 -1 1 148 -1 34 -1 34 148 -1 148 -1 -2
1 -1 1 164 -1 164 -1 -2
8 -1 8 18 -1 8 55 -1 8 76 -1 8 130 -1 8 168 -1 18 -1 18 55 -1 18 76 -1 18 130 -1 18 168 -1 55 -1 55 76 -1 55 130 -1 55 168 -1 76 -1 76 130 -1 76 168 -1 130 -1 130 168 -1 168 -1 -2
7 -1 7 13 -1 7 38 -1 7 70 -1 7 186 -1 13 -1 13 38 -1 13 70 -1 13 186 -1 38 -1 38 70 -1 38 186 -1 70 -1 70 186 -1 186 -1 -2
8 -1 8 18 -1 8 37 -1 8 104 -1 18 -1 18 37 -1 18 104 -1 37 -1 37 104 -1 104 -1 -2
6 -1 6 37 -1 37 -1 -2
24 -1 24 49 -1 24 163 -1 49 -1 49 163 -1 163 -1 -2
37 -1 37 50 -1 37 97 -1 50 -1 50 97 -1 97 -1 -2
9 -1 -2
13 -1 13 31 -1 13 43 -1 13 48 -1 13 86 -1 13 124 -1 31 -1 31 43 -1 31 48 -1 31 86 -1 31 124 -1 43 -1 43 48 -1 43 86 -1 43 124 -1 48 -1 48 86 -1 48 124 -1 86 -1 86 124 -1 124 -1 -2
24 -1 24 70 -1 24 77 -1 70 -1 70 77 -1 77 -1 -2
56 -1 56 80 -1 56 92 -1 56 188 -1 80 -1 80 92 -1 80 188 -1 92 -1 92 188 -1 188 -1 -2
61 -1 61 74 -1 61 128 -1 74 -1 74 128 -1 128 -1 -2
7 -1 7 17 -1 7 42 -1 17 -1 17 42 -1 42 -1 -2
16 -1 16 49 -1 49 -1 -2
1 -1 1 55 -1 1 145 -1 1 164 -1 55 -1 55 145 -1 55 164 -1 145 -1 145 164 -1 164 -1 -2
6 -1 6 86 -1 6 152 -1 86 -1 86 152 -1 152 -1 -2
33 -1 33 42 -1 33 143 -1 42 -1 42 143 -1 143 -1 -2
22 -1 22 37 -1 37 -1 -2
6 -1 6 8 -1 6 47 -1 6 48 -1 6 55 -1 6 167 -1 8 -1 8 47 -1 8 48 -1 8 55 -1 8 167 -1 47 -1 47 48 -1 47 55 -1 47 167 -1 48 -1 48 55 -1 48 167 -1 55 -1 55 167 -1 167 -1 -2
16 -1 16 31 -1 16 35 -1 16 77 -1 31 -1 31 35 -1 31 77 -1 35 -1 35 77 -1 77 -1 -2
6 -1 6 32 -1 6 121 -1 32 -1 32 121 -1 121 -1 -2
43 -1 43 171 -1 171 -1 -2
49 -1 49 182 -1 182 -1 -2
8 -1 8 22 -1 22 -1 -2
42 -1 42 105 -1 42 139 -1 105 -1 105 139 -1 139 -1 -2
17 -1 17 42 -1 17 45 -1 42 -1 42 45 -1 45 -1 -2
6 -1 6 113 -1 6 152 -1 113 -1 113 152 -1 152 -1 -2
17 -1 17 19 -1 17 24 -1 17 37 -1 19 -1 19 24 -1 19 37 -1 24 -1 24 37 -1 37 -1 -2
17 -1 17 24 -1 17 43 -1 24 -1 24 43 -1 43 -1 -2
45 -1 -2
131 -1 -2
14 -1 14 44 -1 44 -1 -2
8 -1 8 34 -1 8 37 -1 8 47 -1 34 -1 34 37 -1 34 47 -1 37 -1 37 47 -1 47 -1 -2
7 -1 7 50 -1 7 63 -1 50 -1 50 63 -1 63 -1 -2
9 -1 9 94 -1 94 -1 -2
52 -1 52 92 -1 52 94 -1 92 -1 92 94 -1 94 -1 -2
2 -1 2 45 -1 45 -1 -2
8 -1 -2
9 -1 9 22 -1 9 36 -1 9 44 -1 9 52 -1 22 -1 22 36 -1 22 44 -1 22 52 -1 36 -1 36 44 -1 36 52 -1 44 -1 44 52 -1 52 -1 -2
48 -1 48 53 -1 48 124 -1 53 -1 53 124 -1 124 -1 -2
12 -1 12 26 -1 12 86 -1 12 124 -1 12 198 -1 26 -1 26 86 -1 26 124 -1 26 198 -1 86 -1 86 124 -1 86 198 -1 124 -1 124 198 -1 198 -1 -2
104 -1 104 189 -1 189 -1 -2
8 -1 8 38 -1 8 47 -1 8 50 -1 8 55 -1 8 92 -1 8 121 -1 38 -1 38 47 -1 38 50 -1 38 55 -1 38 92 -1 38 121 -1 47 -1 47 50 -1 47 55 -1 47 92 -1 47 121 -1 50 -1 50 55 -1 50 92 -1 50 121 -1 55 -1 55 92 -1 55 121 -1 92 -1 92 121 -1 121 -1 -2
13 -1 13 14 -1 13 29 -1 13 63 -1 13 176 -1 14 -1 14 29 -1 14 63 -1 14 176 -1 29 -1 29 63 -1 29 176 -1 63 -1 63 176 -1 176 -1 -2
116 -1 -2
167 -1 167 179 -1 179 -1 -2
16 -1 16 50 -1 16 56 -1 16 93 -1 16 143 -1 50 -1 50 56 -1 50 93 -1 50 143 -1 56 -1 56 93 -1 56 143 -1 93 -1 93 143 -1 143 -1 -2
17 -1 17 33 -1 17 143 -1 17 169 -1 17 194 -1 33 -1 33 143 -1 33 169 -1 33 194 -1 143 -1 143 169 -1 143 194 -1 169 -1 169 194 -1 194 -1 -2
14 -1 -2
1 -1 1 18 -1 18 -1 -2
8 -1 8 48 -1 8 64 -1 8 121 -1 48 -1 48 64 -1 48 121 -1 64 -1 64 121 -1 121 -1 -2
26 -1 26 53 -1 53 -1 -2
2 -1 2 6 -1 2 152 -1 2 164 -1 6 -1 6 152 -1 6 164 -1 152 -1 152 164 -1 164 -1 -2
45 -1 45 49 -1 45 88 -1 49 -1 49 88 -1 88 -1 -2
8 -1 8 35 -1 8 47 -1 8 130 -1 35 -1 35 47 -1 35 130 -1 47 -1 47 130 -1 130 -1 -2
2 -1 2 49 -1 2 181 -1 49 -1 49 181 -1 181 -1 -2
6 -1 6 48 -1 6 95 -1 6 133 -1 48 -1 48 95 -1 48 133 -1 95 -1 95 133 -1 133 -1 -2
91 -1 91 93 -1 91 94 -1 93 -1 93 94 -1 94 -1 -2
7 -1 7 17 -1 17 -1 -2
70 -1 70 182 -1 182 -1 -2
1 -1 1 34 -1 1 65 -1 1 101 -1 1 176 -1 34 -1 34 65 -1 34 101 -1 34 176 -1 65 -1 65 101 -1 65 176 -1 101 -1 101 176 -1 176 -1 -2
16 -1 -2
14 -1 -2
45 -1 45 88 -1 88 -1 -2
9 -1 9 16 -1 9 48 -1 9 180 -1 16 -1 16 48 -1 16 180 -1 48 -1 48 180 -1 180 -1 -2
196 -1 -2
18 -1 18 43 -1 18 74 -1 18 96 -1 43 -1 43 74 -1 43 96 -1 74 -1 74 96 -1 96 -1 -2
50 -1 50 163 -1 163 -1 -2
55 -1 55 145 -1 145 -1 -2
6 -1 6 38 -1 6 131 -1 38 -1 38 131 -1 131 -1 -2
16 -1 -2
45 -1 45 53 -1 53 -1 -2
6 -1 6 13 -1 6 35 -1 6 130 -1 13 -1 13 35 -1 13 130 -1 35 -1 35 130 -1 130 -1 -2
7 -1 7 97 -1 97 -1 -2
1 -1 1 14 -1 1 17 -1 1 19 -1 1 76 -1 14 -1 14 17 -1 14 19 -1 14 76 -1 17 -1 17 19 -1 17 76 -1 19 -1 19 76 -1 76 -1 -2
32 -1 -2
7 -1 -2
26 -1 -2
16 -1 16 71 -1 16 89 -1 16 177 -1 71 -1 71 89 -1 71 177 -1 89 -1 89 177 -1 177 -1 -2
1 -1 -2
29 -1 29 164 -1 164 -1 -2
2 -1 2 13 -1 2 17 -1 2 22 -1 2 31 -1 2 44 -1 2 189 -1 13 -1 13 17 -1 13 22 -1 13 31 -1 13 44 -1 13 189 -1 17 -1 17 22 -1 17 31 -1 17 44 -1 17 189 -1 22 -1 22 31 -1 22 44 -1 22 189 -1 31 -1 31 44 -1 31 189 -1 44 -1 44 189 -1 189 -1 -2
49 -1 49 189 -1 189 -1 -2
2 -1 2 18 -1 2 79 -1 2 154 -1 18 -1 18 79 -1 18 154 -1 79 -1 79 154 -1 154 -1 -2
17 -1 -2
95 -1 95 131 -1 131 -1 -2
29 -1 -2
37 -1 37 40 -1 40 -1 -2
2 -1 2 6 -1 2 50 -1 2 97 -1 6 -1 6 50 -1 6 97 -1 50 -1 50 97 -1 97 -1 -2
6 -1 6 13 -1 6 29 -1 6 44 -1 6 48 -1 13 -1 13 29 -1 13 44 -1 13 48 -1 29 -1 29 44 -1 29 48 -1 44 -1 44 48 -1 48 -1 -2
76 -1 76 88 -1 76 180 -1 88 -1 88 180 -1 180 -1 -2
9 -1 9 49 -1 9 164 -1 49 -1 49 164 -1 164 -1 -2
1 -1 1 13 -1 1 131 -1 13 -1 13 131 -1 131 -1 -2
1 -1 1 9 -1 1 169 -1 9 -1 9 169 -1 169 -1 -2
6 -1 6 16 -1 6 37 -1 6 61 -1 16 -1 16 37 -1 16 61 -1 37 -1 37 61 -1 61 -1 -2
17 -1 17 41 -1 17 61 -1 17 134 -1 17 198 -1 41 -1 41 61 -1 41 134 -1 41 198 -1 61 -1 61 134 -1 61 198 -1 134 -1 134 198 -1 198 -1 -2
22 -1 -2
6 -1 6 7 -1 6 9 -1 6 12 -1 6 29 -1 6 65 -1 6 89 -1 7 -1 7 9 -1 7 12 -1 7 29 -1 7 65 -1 7 89 -1 9 -1 9 12 -1 9 29 -1 9 65 -1 9 89 -1 12 -1 12 29 -1 12 65 -1 12 89 -1 29 -1 29 65 -1 29 89 -1 65 -1 65 89 -1 89 -1 -2
7 -1 7 8 -1 7 21 -1 7 37 -1 7 40 -1 7 47 -1 8 -1 8 21 -1 8 37 -1 8 40 -1 8 47 -1 21 -1 21 37 -1 21 40 -1 21 47 -1 37 -1 37 40 -1 37 47 -1 40 -1 40 47 -1 47 -1 -2
1 -1 1 6 -1 1 95 -1 6 -1 6 95 -1 95 -1 -2
9 -1 9 13 -1 9 50 -1 13 -1 13 50 -1 50 -1 -2
37 -1 37 163 -1 163 -1 -2
8 -1 8 37 -1 8 49 -1 8 119 -1 8 138 -1 37 -1 37 49 -1 37 119 -1 37 138 -1 49 -1 49 119 -1 49 138 -1 119 -1 119 138 -1 138 -1 -2
1 -1 1 42 -1 1 53 -1 1 108 -1 1 160 -1 42 -1 42 53 -1 42 108 -1 42 160 -1 53 -1 53 108 -1 53 160 -1 108 -1 108 160 -1 160 -1 -2
53 -1 -2
9 -1 9 16 -1 9 29 -1 9 90 -1 9 140 -1 9 162 -1 16 -1 16 29 -1 16 90 -1 16 140 -1 16 162 -1 29 -1 29 90 -1 29 140 -1 29 162 -1 90 -1 90 140 -1 90 162 -1 140 -1 140 162 -1 162 -1 -2
26 -1 26 37 -1 26 56 -1 26 145 -1 26 169 -1 26 188 -1 37 -1 37 56 -1 37 145 -1 37 169 -1 37 188 -1 56 -1 56 145 -1 56 169 -1 56 188 -1 145 -1 145 169 -1 145 188 -1 169 -1 169 188 -1 188 -1 -2
19 -1 19 130 -1 19 167 -1 130 -1 130 167 -1 167 -1 -2
7 -1 7 29 -1 7 52 -1 29 -1 29 52 -1 52 -1 -2
31 -1 31 36 -1 31 37 -1 31 45 -1 36 -1 36 37 -1 36 45 -1 37 -1 37 45 -1 45 -1 -2
70 -1 70 168 -1 168 -1 -2
2 -1 2 64 -1 2 99 -1 64 -1 64 99 -1 99 -1 -2
78 -1 78 79 -1 78 98 -1 78 134 -1 79 -1 79 98 -1 79 134 -1 98 -1 98 134 -1 134 -1 -2
2 -1 2 49 -1 49 -1 -2
8 -1 8 16 -1 16 -1 -2
2 -1 2 7 -1 2 19 -1 2 26 -1 2 163 -1 2 169 -1 7 -1 7 19 -1 7 26 -1 7 163 -1 7 169 -1 19 -1 19 26 -1 19 163 -1 19 169 -1 26 -1 26 163 -1 26 169 -1 163 -1 163 169 -1 169 -1 -2
16 -1 16 36 -1 16 49 -1 36 -1 36 49 -1 49 -1 -2
21 -1 21 43 -1 43 -1 -2
50 -1 50 56 -1 50 97 -1 50 179 -1 50 188 -1 56 -1 56 97 -1 56 179 -1 56 188 -1 97 -1 97 179 -1 97 188 -1 179 -1 179 188 -1 188 -1 -2
1 -1 1 2 -1 1 134 -1 2 -1 2 134 -1 134 -1 -2
6 -1 6 33 -1 6 61 -1 6 86 -1 6 94 -1 6 104 -1 6 113 -1 6 124 -1 33 -1 33 61 -1 33 86 -1 33 94 -1 33 104 -1 33 113 -1 33 124 -1 61 -1 61 86 -1 61 94 -1 61 104 -1 61 113 -1 61 124 -1 86 -1 86 94 -1 86 104 -1 86 113 -1 86 124 -1 94 -1 94 104 -1 94 113 -1 94 124 -1 104 -1 104 113 -1 104 124 -1 113 -1 113 124 -1 124 -1 -2
37 -1 37 186 -1 186 -1 -2
1 -1 -2
9 -1 9 141 -1 141 -1 -2
14 -1 14 18 -1 14 25 -1 14 44 -1 14 47 -1 18 -1 18 25 -1 18 44 -1 18 47 -1 25 -1 25 44 -1 25 47 -1 44 -1 44 47 -1 47 -1 -2
17 -1 17 97 -1 97 -1 -2
1 -1 1 2 -1 1 13 -1 2 -1 2 13 -1 13 -1 -2
8 -1 8 121 -1 121 -1 -2
40 -1 40 61 -1 40 73 -1 40 91 -1 61 -1 61 73 -1 61 91 -1 73 -1 73 91 -1 91 -1 -2
48 -1 48 70 -1 48 131 -1 70 -1 70 131 -1 131 -1 -2
14 -1 14 88 -1 88 -1 -2
22 -1 22 36 -1 36 -1 -2
9 -1 9 24 -1 9 44 -1 24 -1 24 44 -1 44 -1 -2
29 -1 -2
2 -1 2 14 -1 2 26 -1 14 -1 14 26 -1 26 -1 -2
31 -1 -2
2 -1 2 70 -1 2 171 -1 70 -1 70 171 -1 171 -1 -2
16 -1 16 32 -1 32 -1 -2
1 -1 1 2 -1 1 48 -1 1 92 -1 1 139 -1 2 -1 2 48 -1 2 92 -1 2 139 -1 48 -1 48 92 -1 48 139 -1 92 -1 92 139 -1 139 -1 -2
1 -1 1 78 -1 78 -1 -2
16 -1 16 26 -1 16 65 -1 16 198 -1 26 -1 26 65 -1 26 198 -1 65 -1 65 198 -1 198 -1 -2
13 -1 13 179 -1 179 -1 -2
2 -1 2 71 -1 2 175 -1 2 177 -1 71 -1 71 175 -1 71 177 -1 175 -1 175 177 -1 177 -1 -2
19 -1 -2
29 -1 29 108 -1 29 165 -1 29 199 -1 108 -1 108 165 -1 108 199 -1 165 -1 165 199 -1 199 -1 -2
40 -1 40 131 -1 131 -1 -2
2 -1 2 8 -1 2 47 -1 2 64 -1 2 121 -1 8 -1 8 47 -1 8 64 -1 8 121 -1 47 -1 47 64 -1 47 121 -1 64 -1 64 121 -1 121 -1 -2
8 -1 8 14 -1 8 38 -1 8 109 -1 14 -1 14 38 -1 14 109 -1 38 -1 38 109 -1 109 -1 -2
133 -1 -2
6 -1 6 33 -1 6 144 -1 33 -1 33 144 -1 144 -1 -2
7 -1 7 64 -1 7 74 -1 7 98 -1 64 -1 64 74 -1 64 98 -1 74 -1 74 98 -1 98 -1 -2
7 -1 7 42 -1 7 183 -1 42 -1 42 183 -1 183 -1 -2
29 -1 29 180 -1 180 -1 -2
6 -1 6 7 -1 6 52 -1 6 186 -1 7 -1 7 52 -1 7 186 -1 52 -1 52 186 -1 186 -1 -2
1 -1 1 40 -1 1 52 -1 1 61 -1 1 63 -1 1 131 -1 1 136 -1 40 -1 40 52 -1 40 61 -1 40 63 -1 40 131 -1 40 136 -1 52 -1 52 61 -1 52 63 -1 52 131 -1 52 136 -1 61 -1 61 63 -1 61 131 -1 61 136 -1 63 -1 63 131 -1 63 136 -1 131 -1 131 136 -1 136 -1 -2
108 -1 108 169 -1 108 177 -1 169 -1 169 177 -1 177 -1 -2
43 -1 -2
7 -1 7 8 -1 7 14 -1 7 36 -1 8 -1 8 14 -1 8 36 -1 14 -1 14 36 -1 36 -1 -2
6 -1 6 13 -1 6 32 -1 6 44 -1 6 186 -1 13 -1 13 32 -1 13 44 -1 13 186 -1 32 -1 32 44 -1 32 186 -1 44 -1 44 186 -1 186 -1 -2
1 -1 -2
1 -1 1 18 -1 1 50 -1 18 -1 18 50 -1 50 -1 -2
22 -1 -2
2 -1 2 6 -1 2 152 -1 6 -1 6 152 -1 152 -1 -2
38 -1 38 72 -1 72 -1 -2
2 -1 2 112 -1 2 179 -1 112 -1 112 179 -1 179 -1 -2
9 -1 9 13 -1 9 70 -1 9 180 -1 13 -1 13 70 -1 13 180 -1 70 -1 70 180 -1 180 -1 -2
33 -1 -2
7 -1 -2
71 -1 -2
19 -1 19 37 -1 19 95 -1 19 119 -1 19 151 -1 37 -1 37 95 -1 37 119 -1 37 151 -1 95 -1 95 119 -1 95 151 -1 119 -1 119 151 -1 151 -1 -2
2 -1 2 25 -1 2 29 -1 2 74 -1 2 162 -1 25 -1 25 29 -1 25 74 -1 25 162 -1 29 -1 29 74 -1 29 162 -1 74 -1 74 162 -1 162 -1 -2
1 -1 1 7 -1 1 14 -1 1 18 -1 1 34 -1 1 69 -1 7 -1 7 14 -1 7 18 -1 7 34 -1 7 69 -1 14 -1 14 18 -1 14 34 -1 14 69 -1 18 -1 18 34 -1 18 69 -1 34 -1 34 69 -1 69 -1 -2
45 -1 -2
9 -1 9 24 -1 9 143 -1 24 -1 24 143 -1 143 -1 -2
9 -1 9 13 -1 9 49 -1 9 169 -1 9 189 -1 13 -1 13 49 -1 13 169 -1 13 189 -1 49 -1 49 169 -1 49 189 -1 169 -1 169 189 -1 189 -1 -2
17 -1 17 33 -1 33 -1 -2
7 -1 7 145 -1 145 -1 -2
8 -1 8 191 -1 191 -1 -2
2 -1 2 55 -1 2 100 -1 2 101 -1 55 -1 55 100 -1 55 101 -1 100 -1 100 101 -1 101 -1 -2
14 -1 14 180 -1 180 -1 -2
1 -1 1 2 -1 1 17 -1 1 19 -1 1 95 -1 1 107 -1 1 139 -1 1 156 -1 2 -1 2 17 -1 2 19 -1 2 95 -1 2 107 -1 2 139 -1 2 156 -1 17 -1 17 19 -1 17 95 -1 17 107 -1 17 139 -1 17 156 -1 19 -1 19 95 -1 19 107 -1 19 139 -1 19 156 -1 95 -1 95 107 -1 95 139 -1 95 156 -1 107 -1 107 139 -1 107 156 -1 139 -1 139 156 -1 156 -1 -2
1 -1 1 26 -1 1 169 -1 1 181 -1 26 -1 26 169 -1 26 181 -1 169 -1 169 181 -1 181 -1 -2
1 -1 1 9 -1 1 13 -1 1 14 -1 1 113 -1 1 179 -1 9 -1 9 13 -1 9 14 -1 9 113 -1 9 179 -1 13 -1 13 14 -1 13 113 -1 13 179 -1 14 -1 14 113 -1 14 179 -1 113 -1 113 179 -1 179 -1 -2
13 -1 13 36 -1 13 38 -1 36 -1 36 38 -1 38 -1 -2
37 -1 37 79 -1 37 130 -1 37 171 -1 79 -1 79 130 -1 79 171 -1 130 -1 130 171 -1 171 -1 -2
29 -1 29 55 -1 29 93 -1 29 152 -1 55 -1 55 93 -1 55 152 -1 93 -1 93 152 -1 152 -1 -2
8 -1 8 21 -1 8 48 -1 8 167 -1 21 -1 21 48 -1 21 167 -1 48 -1 48 167 -1 167 -1 -2
16 -1 16 65 -1 16 86 -1 16 88 -1 16 113 -1 16 124 -1 65 -1 65 86 -1 65 88 -1 65 113 -1 65 124 -1 86 -1 86 88 -1 86 113 -1 86 124 -1 88 -1 88 113 -1 88 124 -1 113 -1 113 124 -1 124 -1 -2
1 -1 1 14 -1 1 22 -1 14 -1 14 22 -1 22 -1 -2
12 -1 12 21 -1 12 43 -1 12 46 -1 12 129 -1 12 137 -1 21 -1 21 43 -1 21 46 -1 21 129 -1 21 137 -1 43 -1 43 46 -1 43 129 -1 43 137 -1 46 -1 46 129 -1 46 137 -1 129 -1 129 137 -1 137 -1 -2
91 -1 91 101 -1 101 -1 -2
21 -1 21 149 -1 149 -1 -2
6 -1 6 116 -1 116 -1 -2
7 -1 7 42 -1 7 183 -1 42 -1 42 183 -1 183 -1 -2
13 -1 13 22 -1 13 55 -1 13 89 -1 13 129 -1 13 198 -1 22 -1 22 55 -1 22 89 -1 22 129 -1 22 198 -1 55 -1 55 89 -1 55 129 -1 55 198 -1 89 -1 89 129 -1 89 198 -1 129 -1 129 198 -1 198 -1 -2
29 -1 29 70 -1 29 112 -1 70 -1 70 112 -1 112 -1 -2
16 -1 16 25 -1 16 61 -1 25 -1 25 61 -1 61 -1 -2
80 -1 -2
14 -1 14 86 -1 14 124 -1 86 -1 86 124 -1 124 -1 -2
19 -1 19 33 -1 19 50 -1 33 -1 33 50 -1 50 -1 -2
1 -1 1 18 -1 1 31 -1 1 77 -1 1 154 -1 18 -1 18 31 -1 18 77 -1 18 154 -1 31 -1 31 77 -1 31 154 -1 77 -1 77 154 -1 154 -1 -2
52 -1 52 94 -1 52 128 -1 94 -1 94 128 -1 128 -1 -2
8 -1 8 29 -1 8 64 -1 29 -1 29 64 -1 64 -1 -2
66 -1 -2
131 -1 -2
45 -1 45 107 -1 107 -1 -2
1 -1 1 6 -1 1 53 -1 1 65 -1 6 -1 6 53 -1 6 65 -1 53 -1 53 65 -1 65 -1 -2
2 -1 2 33 -1 2 41 -1 2 134 -1 2 141 -1 33 -1 33 41 -1 33 134 -1 33 141 -1 41 -1 41 134 -1 41 141 -1 134 -1 134 141 -1 141 -1 -2
14 -1 14 44 -1 44 -1 -2
63 -1 63 111 -1 63 187 -1 111 -1 111 187 -1 187 -1 -2
7 -1 7 17 -1 7 25 -1 7 92 -1 7 94 -1 17 -1 17 25 -1 17 92 -1 17 94 -1 25 -1 25 92 -1 25 94 -1 92 -1 92 94 -1 94 -1 -2
41 -1 -2
16 -1 16 29 -1 16 32 -1 16 136 -1 29 -1 29 32 -1 29 136 -1 32 -1 32 136 -1 136 -1 -2
7 -1 7 46 -1 7 113 -1 46 -1 46 113 -1 113 -1 -2
6 -1 6 9 -1 6 43 -1 6 48 -1 6 53 -1 6 73 -1 6 162 -1 9 -1 9 43 -1 9 48 -1 9 53 -1 9 73 -1 9 162 -1 43 -1 43 48 -1 43 53 -1 43 73 -1 43 162 -1 48 -1 48 53 -1 48 73 -1 48 162 -1 53 -1 53 73 -1 53 162 -1 73 -1 73 162 -1 162 -1 -2
55 -1 55 108 -1 55 129 -1 108 -1 108 129 -1 129 -1 -2
1 -1 1 19 -1 1 45 -1 1 179 -1 19 -1 19 45 -1 19 179 -1 45 -1 45 179 -1 179 -1 -2
19 -1 19 35 -1 19 89 -1 19 129 -1 19 172 -1 35 -1 35 89 -1 35 129 -1 35 172 -1 89 -1 89 129 -1 89 172 -1 129 -1 129 172 -1 172 -1 -2
2 -1 2 13 -1 2 45 -1 2 50 -1 2 56 -1 13 -1 13 45 -1 13 50 -1 13 56 -1 45 -1 45 50 -1 45 56 -1 50 -1 50 56 -1 56 -1 -2
1 -1 1 18 -1 1 123 -1 18 -1 18 123 -1 123 -1 -2
29 -1 29 40 -1 29 61 -1 29 134 -1 29 160 -1 40 -1 40 61 -1 40 134 -1 40 160 -1 61 -1 61 134 -1 61 160 -1 134 -1 134 160 -1 160 -1 -2
7 -1 7 183 -1 183 -1 -2
1 -1 1 43 -1 1 130 -1 1 132 -1 1 151 -1 43 -1 43 130 -1 43 132 -1 43 151 -1 130 -1 130 132 -1 130 151 -1 132 -1 132 151 -1 151 -1 -2
56 -1 56 63 -1 56 165 -1 63 -1 63 165 -1 165 -1 -2
16 -1 16 65 -1 65 -1 -2
6 -1 6 8 -1 6 22 -1 6 44 -1 6 49 -1 6 130 -1 8 -1 8 22 -1 8 44 -1 8 49 -1 8 130 -1 22 -1 22 44 -1 22 49 -1 22 130 -1 44 -1 44 49 -1 44 130 -1 49 -1 49 130 -1 130 -1 -2
25 -1 -2
43 -1 43 53 -1 53 -1 -2
6 -1 6 13 -1 6 104 -1 13 -1 13 104 -1 104 -1 -2
7 -1 7 38 -1 7 131 -1 38 -1 38 131 -1 131 -1 -2
32 -1 32 43 -1 32 51 -1 43 -1 43 51 -1 51 -1 -2
1 -1 1 2 -1 1 9 -1 1 35 -1 1 38 -1 1 40 -1 1 52 -1 1 61 -1 1 175 -1 2 -1 2 9 -1 2 35 -1 2 38 -1 2 40 -1 2 52 -1 2 61 -1 2 175 -1 9 -1 9 35 -1 9 38 -1 9 40 -1 9 52 -1 9 61 -1 9 175 -1 35 -1 35 38 -1 35 40 -1 35 52 -1 35 61 -1 35 175 -1 38 -1 38 40 -1 38 52 -1 38 61 -1 38 175 -1 40 -1 40 52 -1 40 61 -1 40 175 -1 52 -1 52 61 -1 52 175 -1 61 -1 61 175 -1 175 -1 -2
36 -1 36 76 -1 36 86 -1 36 124 -1 76 -1 76 86 -1 76 124 -1 86 -1 86 124 -1 124 -1 -2
32 -1 32 51 -1 51 -1 -2
50 -1 50 117 -1 117 -1 -2
8 -1 8 47 -1 8 86 -1 8 121 -1 8 124 -1 8 189 -1 47 -1 47 86 -1 47 121 -1 47 124 -1 47 189 -1 86 -1 86 121 -1 86 124 -1 86 189 -1 121 -1 121 124 -1 121 189 -1 124 -1 124 189 -1 189 -1 -2
71 -1 71 139 -1 71 163 -1 71 169 -1 139 -1 139 163 -1 139 169 -1 163 -1 163 169 -1 169 -1 -2
88 -1 88 132 -1 132 -1 -2
16 -1 16 18 -1 16 33 -1 16 65 -1 18 -1 18 33 -1 18 65 -1 33 -1 33 65 -1 65 -1 -2
37 -1 37 99 -1 37 189 -1 99 -1 99 189 -1 189 -1 -2
7 -1 7 16 -1 7 29 -1 7 49 -1 7 65 -1 7 88 -1 16 -1 16 29 -1 16 49 -1 16 65 -1 16 88 -1 29 -1 29 49 -1 29 65 -1 29 88 -1 49 -1 49 65 -1 49 88 -1 65 -1 65 88 -1 88 -1 -2
8 -1 8 35 -1 8 43 -1 8 130 -1 8 176 -1 35 -1 35 43 -1 35 130 -1 35 176 -1 43 -1 43 130 -1 43 176 -1 130 -1 130 176 -1 176 -1 -2
13 -1 13 25 -1 13 73 -1 13 131 -1 25 -1 25 73 -1 25 131 -1 73 -1 73 131 -1 131 -1 -2
9 -1 9 13 -1 9 25 -1 9 31 -1 9 80 -1 9 117 -1 13 -1 13 25 -1 13 31 -1 13 80 -1 13 117 -1 25 -1 25 31 -1 25 80 -1 25 117 -1 31 -1 31 80 -1 31 117 -1 80 -1 80 117 -1 117 -1 -2
8 -1 8 14 -1 8 44 -1 8 55 -1 8 189 -1 14 -1 14 44 -1 14 55 -1 14 189 -1 44 -1 44 55 -1 44 189 -1 55 -1 55 189 -1 189 -1 -2
33 -1 -2
17 -1 17 33 -1 17 34 -1 17 42 -1 17 53 -1 17 69 -1 17 94 -1 33 -1 33 34 -1 33 42 -1 33 53 -1 33 69 -1 33 94 -1 34 -1 34 42 -1 34 53 -1 34 69 -1 34 94 -1 42 -1 42 53 -1 42 69 -1 42 94 -1 53 -1 53 69 -1 53 94 -1 69 -1 69 94 -1 94 -1 -2
8 -1 8 47 -1 8 48 -1 8 64 -1 8 121 -1 47 -1 47 48 -1 47 64 -1 47 121 -1 48 -1 48 64 -1 48 121 -1 64 -1 64 121 -1 121 -1 -2
6 -1 6 48 -1 6 77 -1 6 95 -1 6 162 -1 48 -1 48 77 -1 48 95 -1 48 162 -1 77 -1 77 95 -1 77 162 -1 95 -1 95 162 -1 162 -1 -2
2 -1 2 6 -1 2 12 -1 2 17 -1 2 29 -1 2 42 -1 2 143 -1 6 -1 6 12 -1 6 17 -1 6 29 -1 6 42 -1 6 143 -1 12 -1 12 17 -1 12 29 -1 12 42 -1 12 143 -1 17 -1 17 29 -1 17 42 -1 17 143 -1 29 -1 29 42 -1 29 143 -1 42 -1 42 143 -1 143 -1 -2
2 -1 2 13 -1 2 38 -1 2 131 -1 13 -1 13 38 -1 13 131 -1 38 -1 38 131 -1 131 -1 -2
8 -1 8 47 -1 8 64 -1 8 121 -1 47 -1 47 64 -1 47 121 -1 64 -1 64 121 -1 121 -1 -2
2 -1 2 8 -1 2 17 -1 2 171 -1 8 -1 8 17 -1 8 171 -1 17 -1 17 171 -1 171 -1 -2
112 -1 112 196 -1 196 -1 -2
19 -1 19 34 -1 19 35 -1 19 52 -1 19 69 -1 19 131 -1 19 160 -1 34 -1 34 35 -1 34 52 -1 34 69 -1 34 131 -1 34 160 -1 35 -1 35 52 -1 35 69 -1 35 131 -1 35 160 -1 52 -1 52 69 -1 52 131 -1 52 160 -1 69 -1 69 131 -1 69 160 -1 131 -1 131 160 -1 160 -1 -2
17 -1 17 42 -1 17 164 -1 42 -1 42 164 -1 164 -1 -2
13 -1 13 37 -1 13 112 -1 37 -1 37 112 -1 112 -1 -2
18 -1 18 64 -1 18 96 -1 64 -1 64 96 -1 96 -1 -2
52 -1 -2
2 -1 2 7 -1 2 37 -1 2 119 -1 7 -1 7 37 -1 7 119 -1 37 -1 37 119 -1 119 -1 -2
9 -1 9 52 -1 9 180 -1 52 -1 52 180 -1 180 -1 -2
1 -1 1 2 -1 1 18 -1 1 29 -1 2 -1 2 18 -1 2 29 -1 18 -1 18 29 -1 29 -1 -2
116 -1 116 143 -1 143 -1 -2
22 -1 22 36 -1 22 118 -1 22 148 -1 36 -1 36 118 -1 36 148 -1 118 -1 118 148 -1 148 -1 -2
1 -1 -2
7 -1 7 13 -1 7 108 -1 13 -1 13 108 -1 108 -1 -2
35 -1 35 52 -1 35 131 -1 52 -1 52 131 -1 131 -1 -2
29 -1 29 77 -1 77 -1 -2
1 -1 1 175 -1 175 -1 -2
8 -1 8 47 -1 47 -1 -2
45 -1 45 65 -1 45 119 -1 65 -1 65 119 -1 119 -1 -2
6 -1 6 13 -1 6 40 -1 6 52 -1 6 61 -1 13 -1 13 40 -1 13 52 -1 13 61 -1 40 -1 40 52 -1 40 61 -1 52 -1 52 61 -1 61 -1 -2
33 -1 33 36 -1 33 180 -1 36 -1 36 180 -1 180 -1 -2
13 -1 -2
18 -1 18 29 -1 18 48 -1 18 49 -1 18 86 -1 18 88 -1 18 124 -1 29 -1 29 48 -1 29 49 -1 29 86 -1 29 88 -1 29 124 -1 48 -1 48 49 -1 48 86 -1 48 88 -1 48 124 -1 49 -1 49 86 -1 49 88 -1 49 124 -1 86 -1 86 88 -1 86 124 -1 88 -1 88 124 -1 124 -1 -2
12 -1 12 53 -1 12 152 -1 53 -1 53 152 -1 152 -1 -2
88 -1 88 92 -1 92 -1 -2
24 -1 24 46 -1 24 66 -1 46 -1 46 66 -1 66 -1 -2
13 -1 13 72 -1 13 85 -1 13 95 -1 13 99 -1 13 129 -1 72 -1 72 85 -1 72 95 -1 72 99 -1 72 129 -1 85 -1 85 95 -1 85 99 -1 85 129 -1 95 -1 95 99 -1 95 129 -1 99 -1 99 129 -1 129 -1 -2
1 -1 1 6 -1 1 35 -1 1 38 -1 1 77 -1 6 -1 6 35 -1 6 38 -1 6 77 -1 35 -1 35 38 -1 35 77 -1 38 -1 38 77 -1 77 -1 -2
29 -1 29 48 -1 29 77 -1 48 -1 48 77 -1 77 -1 -2
7 -1 7 17 -1 7 32 -1 7 94 -1 7 96 -1 17 -1 17 32 -1 17 94 -1 17 96 -1 32 -1 32 94 -1 32 96 -1 94 -1 94 96 -1 96 -1 -2
35 -1 35 45 -1 35 89 -1 35 152 -1 45 -1 45 89 -1 45 152 -1 89 -1 89 152 -1 152 -1 -2
1 -1 1 2 -1 1 7 -1 1 19 -1 1 37 -1 1 45 -1 1 63 -1 1 95 -1 2 -1 2 7 -1 2 19 -1 2 37 -1 2 45 -1 2 63 -1 2 95 -1 7 -1 7 19 -1 7 37 -1 7 45 -1 7 63 -1 7 95 -1 19 -1 19 37 -1 19 45 -1 19 63 -1 19 95 -1 37 -1 37 45 -1 37 63 -1 37 95 -1 45 -1 45 63 -1 45 95 -1 63 -1 63 95 -1 95 -1 -2
32 -1 32 51 -1 32 80 -1 32 140 -1 32 143 -1 51 -1 51 80 -1 51 140 -1 51 143 -1 80 -1 80 140 -1 80 143 -1 140 -1 140 143 -1 143 -1 -2
7 -1 7 33 -1 7 165 -1 7 194 -1 33 -1 33 165 -1 33 194 -1 165 -1 165 194 -1 194 -1 -2
6 -1 6 37 -1 6 56 -1 6 167 -1 6 169 -1 6 188 -1 37 -1 37 56 -1 37 167 -1 37 169 -1 37 188 -1 56 -1 56 167 -1 56 169 -1 56 188 -1 167 -1 167 169 -1 167 188 -1 169 -1 169 188 -1 188 -1 -2
16 -1 16 37 -1 37 -1 -2
9 -1 9 96 -1 9 101 -1 9 164 -1 96 -1 96 101 -1 96 164 -1 101 -1 101 164 -1 164 -1 -2
1 -1 1 9 -1 1 36 -1 1 44 -1 9 -1 9 36 -1 9 44 -1 36 -1 36 44 -1 44 -1 -2
1 -1 1 33 -1 1 100 -1 33 -1 33 100 -1 100 -1 -2
6 -1 6 9 -1 6 17 -1 6 143 -1 9 -1 9 17 -1 9 143 -1 17 -1 17 143 -1 143 -1 -2
2 -1 2 45 -1 2 89 -1 45 -1 45 89 -1 89 -1 -2
88 -1 -2
7 -1 7 37 -1 37 -1 -2
2 -1 2 43 -1 2 53 -1 2 100 -1 43 -1 43 53 -1 43 100 -1 53 -1 53 100 -1 100 -1 -2
35 -1 35 55 -1 55 -1 -2
6 -1 6 16 -1 6 61 -1 6 169 -1 16 -1 16 61 -1 16 169 -1 61 -1 61 169 -1 169 -1 -2
19 -1 19 40 -1 19 41 -1 19 61 -1 19 73 -1 19 95 -1 19 160 -1 40 -1 40 41 -1 40 61 -1 40 73 -1 40 95 -1 40 160 -1 41 -1 41 61 -1 41 73 -1 41 95 -1 41 160 -1 61 -1 61 73 -1 61 95 -1 61 160 -1 73 -1 73 95 -1 73 160 -1 95 -1 95 160 -1 160 -1 -2
2 -1 2 7 -1 2 8 -1 2 13 -1 2 14 -1 2 29 -1 2 162 -1 7 -1 7 8 -1 7 13 -1 7 14 -1 7 29 -1 7 162 -1 8 -1 8 13 -1 8 14 -1 8 29 -1 8 162 -1 13 -1 13 14 -1 13 29 -1 13 162 -1 14 -1 14 29 -1 14 162 -1 29 -1 29 162 -1 162 -1 -2
19 -1 19 22 -1 19 45 -1 19 99 -1 22 -1 22 45 -1 22 99 -1 45 -1 45 99 -1 99 -1 -2
74 -1 -2
16 -1 16 48 -1 48 -1 -2
2 -1 2 7 -1 2 21 -1 2 25 -1 2 37 -1 2 149 -1 7 -1 7 21 -1 7 25 -1 7 37 -1 7 149 -1 21 -1 21 25 -1 21 37 -1 21 149 -1 25 -1 25 37 -1 25 149 -1 37 -1 37 149 -1 149 -1 -2
1 -1 -2
1 -1 1 14 -1 1 17 -1 1 24 -1 1 48 -1 14 -1 14 17 -1 14 24 -1 14 48 -1 17 -1 17 24 -1 17 48 -1 24 -1 24 48 -1 48 -1 -2
13 -1 13 75 -1 13 180 -1 75 -1 75 180 -1 180 -1 -2
29 -1 29 50 -1 29 164 -1 50 -1 50 164 -1 164 -1 -2
6 -1 6 78 -1 6 94 -1 6 163 -1 78 -1 78 94 -1 78 163 -1 94 -1 94 163 -1 163 -1 -2
8 -1 8 33 -1 8 48 -1 33 -1 33 48 -1 48 -1 -2
177 -1 -2
78 -1 78 93 -1 93 -1 -2
1 -1 1 24 -1 1 35 -1 24 -1 24 35 -1 35 -1 -2
7 -1 7 42 -1 7 143 -1 42 -1 42 143 -1 143 -1 -2
144 -1 -2
14 -1 14 112 -1 14 117 -1 112 -1 112 117 -1 117 -1 -2
1 -1 1 7 -1 1 40 -1 1 117 -1 7 -1 7 40 -1 7 117 -1 40 -1 40 117 -1 117 -1 -2
7 -1 7 42 -1 7 43 -1 7 53 -1 7 61 -1 7 90 -1 42 -1 42 43 -1 42 53 -1 42 61 -1 42 90 -1 43 -1 43 53 -1 43 61 -1 43 90 -1 53 -1 53 61 -1 53 90 -1 61 -1 61 90 -1 90 -1 -2
49 -1 49 70 -1 49 139 -1 70 -1 70 139 -1 139 -1 -2
9 -1 9 13 -1 9 14 -1 13 -1 13 14 -1 14 -1 -2
56 -1 56 79 -1 56 80 -1 79 -1 79 80 -1 80 -1 -2
22 -1 22 160 -1 160 -1 -2
13 -1 13 52 -1 52 -1 -2
6 -1 6 8 -1 6 36 -1 6 47 -1 6 121 -1 6 133 -1 6 176 -1 8 -1 8 36 -1 8 47 -1 8 121 -1 8 133 -1 8 176 -1 36 -1 36 47 -1 36 121 -1 36 133 -1 36 176 -1 47 -1 47 121 -1 47 133 -1 47 176 -1 121 -1 121 133 -1 121 176 -1 133 -1 133 176 -1 176 -1 -2
17 -1 17 92 -1 17 121 -1 92 -1 92 121 -1 121 -1 -2
2 -1 2 108 -1 2 186 -1 108 -1 108 186 -1 186 -1 -2
1 -1 1 16 -1 1 45 -1 1 107 -1 1 151 -1 16 -1 16 45 -1 16 107 -1 16 151 -1 45 -1 45 107 -1 45 151 -1 107 -1 107 151 -1 151 -1 -2
14 -1 14 44 -1 44 -1 -2
17 -1 17 34 -1 34 -1 -2
9 -1 9 61 -1 9 92 -1 61 -1 61 92 -1 92 -1 -2
48 -1 48 55 -1 48 91 -1 55 -1 55 91 -1 91 -1 -2
29 -1 29 40 -1 29 61 -1 40 -1 40 61 -1 61 -1 -2
13 -1 13 73 -1 13 100 -1 73 -1 73 100 -1 100 -1 -2
19 -1 19 40 -1 19 75 -1 19 128 -1 40 -1 40 75 -1 40 128 -1 75 -1 75 128 -1 128 -1 -2
14 -1 14 18 -1 14 24 -1 14 70 -1 14 73 -1 18 -1 18 24 -1 18 70 -1 18 73 -1 24 -1 24 70 -1 24 73 -1 70 -1 70 73 -1 73 -1 -2
1 -1 1 9 -1 1 131 -1 1 167 -1 9 -1 9 131 -1 9 167 -1 131 -1 131 167 -1 167 -1 -2
8 -1 8 18 -1 8 107 -1 18 -1 18 107 -1 107 -1 -2
2 -1 2 32 -1 2 61 -1 2 130 -1 32 -1 32 61 -1 32 130 -1 61 -1 61 130 -1 130 -1 -2
6 -1 6 48 -1 6 171 -1 48 -1 48 171 -1 171 -1 -2
43 -1 43 85 -1 85 -1 -2
71 -1 71 152 -1 152 -1 -2
25 -1 25 70 -1 25 86 -1 70 -1 70 86 -1 86 -1 -2
9 -1 9 33 -1 9 94 -1 9 194 -1 33 -1 33 94 -1 33 194 -1 94 -1 94 194 -1 194 -1 -2
1 -1 1 33 -1 1 44 -1 1 167 -1 33 -1 33 44 -1 33 167 -1 44 -1 44 167 -1 167 -1 -2
29 -1 29 61 -1 29 181 -1 61 -1 61 181 -1 181 -1 -2
14 -1 14 19 -1 14 55 -1 14 108 -1 19 -1 19 55 -1 19 108 -1 55 -1 55 108 -1 108 -1 -2
8 -1 8 48 -1 8 72 -1 48 -1 48 72 -1 72 -1 -2
18 -1 18 180 -1 180 -1 -2
48 -1 -2
2 -1 2 8 -1 2 47 -1 2 86 -1 2 121 -1 2 189 -1 8 -1 8 47 -1 8 86 -1 8 121 -1 8 189 -1 47 -1 47 86 -1 47 121 -1 47 189 -1 86 -1 86 121 -1 86 189 -1 121 -1 121 189 -1 189 -1 -2
17 -1 17 24 -1 17 130 -1 17 188 -1 24 -1 24 130 -1 24 188 -1 130 -1 130 188 -1 188 -1 -2
9 -1 -2
31 -1 31 37 -1 31 47 -1 31 92 -1 37 -1 37 47 -1 37 92 -1 47 -1 47 92 -1 92 -1 -2
2 -1 2 46 -1 46 -1 -2
8 -1 8 85 -1 85 -1 -2
2 -1 2 9 -1 2 14 -1 2 16 -1 2 19 -1 2 26 -1 2 97 -1 9 -1 9 14 -1 9 16 -1 9 19 -1 9 26 -1 9 97 -1 14 -1 14 16 -1 14 19 -1 14 26 -1 14 97 -1 16 -1 16 19 -1 16 26 -1 16 97 -1 19 -1 19 26 -1 19 97 -1 26 -1 26 97 -1 97 -1 -2
14 -1 14 44 -1 14 72 -1 14 139 -1 14 180 -1 44 -1 44 72 -1 44 139 -1 44 180 -1 72 -1 72 139 -1 72 180 -1 139 -1 139 180 -1 180 -1 -2
89 -1 89 131 -1 131 -1 -2
7 -1 7 9 -1 7 14 -1 7 169 -1 9 -1 9 14 -1 9 169 -1 14 -1 14 169 -1 169 -1 -2
6 -1 6 18 -1 6 37 -1 6 61 -1 18 -1 18 37 -1 18 61 -1 37 -1 37 61 -1 61 -1 -2
181 -1 -2
2 -1 -2
2 -1 2 18 -1 2 63 -1 18 -1 18 63 -1 63 -1 -2
2 -1 2 16 -1 2 48 -1 2 105 -1 2 131 -1 2 133 -1 16 -1 16 48 -1 16 105 -1 16 131 -1 16 133 -1 48 -1 48 105 -1 48 131 -1 48 133 -1 105 -1 105 131 -1 105 133 -1 131 -1 131 133 -1 133 -1 -2
8 -1 8 29 -1 8 47 -1 8 121 -1 8 175 -1 29 -1 29 47 -1 29 121 -1 29 175 -1 47 -1 47 121 -1 47 175 -1 121 -1 121 175 -1 175 -1 -2
44 -1 44 90 -1 90 -1 -2
182 -1 -2
33 -1 -2
35 -1 35 160 -1 160 -1 -2
22 -1 22 44 -1 22 139 -1 44 -1 44 139 -1 139 -1 -2
6 -1 6 37 -1 37 -1 -2
35 -1 35 48 -1 35 73 -1 35 130 -1 35 167 -1 48 -1 48 73 -1 48 130 -1 48 167 -1 73 -1 73 130 -1 73 167 -1 130 -1 130 167 -1 167 -1 -2
12 -1 12 14 -1 12 89 -1 14 -1 14 89 -1 89 -1 -2
49 -1 49 70 -1 49 88 -1 49 139 -1 70 -1 70 88 -1 70 139 -1 88 -1 88 139 -1 139 -1 -2
32 -1 32 86 -1 32 89 -1 32 124 -1 32 168 -1 86 -1 86 89 -1 86 124 -1 86 168 -1 89 -1 89 124 -1 89 168 -1 124 -1 124 168 -1 168 -1 -2
6 -1 6 13 -1 6 48 -1 6 130 -1 13 -1 13 48 -1 13 130 -1 48 -1 48 130 -1 130 -1 -2
6 -1 6 13 -1 6 74 -1 13 -1 13 74 -1 74 -1 -2
2 -1 2 13 -1 2 22 -1 2 48 -1 2 117 -1 13 -1 13 22 -1 13 48 -1 13 117 -1 22 -1 22 48 -1 22 117 -1 48 -1 48 117 -1 117 -1 -2
1 -1 1 73 -1 73 -1 -2
8 -1 8 47 -1 47 -1 -2
14 -1 14 37 -1 14 41 -1 14 104 -1 37 -1 37 41 -1 37 104 -1 41 -1 41 104 -1 104 -1 -2
2 -1 2 7 -1 2 17 -1 2 113 -1 7 -1 7 17 -1 7 113 -1 17 -1 17 113 -1 113 -1 -2
8 -1 8 14 -1 8 44 -1 8 130 -1 8 189 -1 14 -1 14 44 -1 14 130 -1 14 189 -1 44 -1 44 130 -1 44 189 -1 130 -1 130 189 -1 189 -1 -2
76 -1 76 119 -1 119 -1 -2
6 -1 6 48 -1 6 130 -1 48 -1 48 130 -1 130 -1 -2
26 -1 26 117 -1 117 -1 -2
13 -1 13 16 -1 16 -1 -2
7 -1 7 13 -1 7 43 -1 7 89 -1 7 129 -1 13 -1 13 43 -1 13 89 -1 13 129 -1 43 -1 43 89 -1 43 129 -1 89 -1 89 129 -1 129 -1 -2
6 -1 6 51 -1 51 -1 -2
40 -1 40 61 -1 40 132 -1 61 -1 61 132 -1 132 -1 -2
56 -1 56 98 -1 56 169 -1 56 188 -1 98 -1 98 169 -1 98 188 -1 169 -1 169 188 -1 188 -1 -2
8 -1 8 38 -1 8 47 -1 8 92 -1 8 121 -1 8 130 -1 38 -1 38 47 -1 38 92 -1 38 121 -1 38 130 -1 47 -1 47 92 -1 47 121 -1 47 130 -1 92 -1 92 121 -1 92 130 -1 121 -1 121 130 -1 130 -1 -2
2 -1 2 25 -1 2 70 -1 25 -1 25 70 -1 70 -1 -2
47 -1 47 187 -1 47 199 -1 187 -1 187 199 -1 199 -1 -2
17 -1 17 120 -1 120 -1 -2
6 -1 6 44 -1 6 50 -1 44 -1 44 50 -1 50 -1 -2
1 -1 1 17 -1 17 -1 -2
128 -1 -2
9 -1 9 13 -1 9 17 -1 9 76 -1 9 93 -1 9 179 -1 13 -1 13 17 -1 13 76 -1 13 93 -1 13 179 -1 17 -1 17 76 -1 17 93 -1 17 179 -1 76 -1 76 93 -1 76 179 -1 93 -1 93 179 -1 179 -1 -2
19 -1 19 35 -1 19 128 -1 19 130 -1 19 167 -1 35 -1 35 128 -1 35 130 -1 35 167 -1 128 -1 128 130 -1 128 167 -1 130 -1 130 167 -1 167 -1 -2
14 -1 14 17 -1 14 26 -1 14 113 -1 14 179 -1 17 -1 17 26 -1 17 113 -1 17 179 -1 26 -1 26 113 -1 26 179 -1 113 -1 113 179 -1 179 -1 -2
16 -1 16 52 -1 52 -1 -2
9 -1 9 12 -1 9 14 -1 9 35 -1 9 66 -1 9 89 -1 12 -1 12 14 -1 12 35 -1 12 66 -1 12 89 -1 14 -1 14 35 -1 14 66 -1 14 89 -1 35 -1 35 66 -1 35 89 -1 66 -1 66 89 -1 89 -1 -2
47 -1 47 187 -1 187 -1 -2
6 -1 6 36 -1 36 -1 -2
1 -1 -2
6 -1 6 35 -1 6 40 -1 6 61 -1 6 73 -1 6 124 -1 35 -1 35 40 -1 35 61 -1 35 73 -1 35 124 -1 40 -1 40 61 -1 40 73 -1 40 124 -1 61 -1 61 73 -1 61 124 -1 73 -1 73 124 -1 124 -1 -2
34 -1 34 183 -1 183 -1 -2
182 -1 -2
6 -1 6 169 -1 169 -1 -2
1 -1 1 13 -1 1 29 -1 1 49 -1 1 55 -1 1 73 -1 1 96 -1 1 176 -1 13 -1 13 29 -1 13 49 -1 13 55 -1 13 73 -1 13 96 -1 13 176 -1 29 -1 29 49 -1 29 55 -1 29 73 -1 29 96 -1 29 176 -1 49 -1 49 55 -1 49 73 -1 49 96 -1 49 176 -1 55 -1 55 73 -1 55 96 -1 55 176 -1 73 -1 73 96 -1 73 176 -1 96 -1 96 176 -1 176 -1 -2
22 -1 22 80 -1 80 -1 -2
49 -1 49 130 -1 49 139 -1 130 -1 130 139 -1 139 -1 -2
16 -1 16 25 -1 16 32 -1 16 108 -1 25 -1 25 32 -1 25 108 -1 32 -1 32 108 -1 108 -1 -2
43 -1 43 129 -1 129 -1 -2
25 -1 25 33 -1 25 88 -1 25 132 -1 33 -1 33 88 -1 33 132 -1 88 -1 88 132 -1 132 -1 -2
2 -1 2 33 -1 2 49 -1 2 117 -1 33 -1 33 49 -1 33 117 -1 49 -1 49 117 -1 117 -1 -2
8 -1 8 12 -1 8 70 -1 8 90 -1 8 156 -1 12 -1 12 70 -1 12 90 -1 12 156 -1 70 -1 70 90 -1 70 156 -1 90 -1 90 156 -1 156 -1 -2
49 -1 49 88 -1 49 189 -1 88 -1 88 189 -1 189 -1 -2
16 -1 16 29 -1 16 38 -1 16 65 -1 29 -1 29 38 -1 29 65 -1 38 -1 38 65 -1 65 -1 -2
2 -1 2 7 -1 2 42 -1 2 124 -1 2 143 -1 7 -1 7 42 -1 7 124 -1 7 143 -1 42 -1 42 124 -1 42 143 -1 124 -1 124 143 -1 143 -1 -2
112 -1 112 114 -1 112 149 -1 114 -1 114 149 -1 149 -1 -2
1 -1 1 26 -1 1 38 -1 1 53 -1 1 76 -1 1 86 -1 26 -1 26 38 -1 26 53 -1 26 76 -1 26 86 -1 38 -1 38 53 -1 38 76 -1 38 86 -1 53 -1 53 76 -1 53 86 -1 76 -1 76 86 -1 86 -1 -2
94 -1 -2
73 -1 -2
77 -1 77 144 -1 144 -1 -2
74 -1 -2
1 -1 1 8 -1 1 29 -1 1 47 -1 1 64 -1 8 -1 8 29 -1 8 47 -1 8 64 -1 29 -1 29 47 -1 29 64 -1 47 -1 47 64 -1 64 -1 -2
9 -1 9 34 -1 34 -1 -2
74 -1 74 89 -1 89 -1 -2
17 -1 17 29 -1 17 70 -1 17 179 -1 17 182 -1 29 -1 29 70 -1 29 179 -1 29 182 -1 70 -1 70 179 -1 70 182 -1 179 -1 179 182 -1 182 -1 -2
17 -1 17 37 -1 17 44 -1 17 78 -1 37 -1 37 44 -1 37 78 -1 44 -1 44 78 -1 78 -1 -2
31 -1 31 38 -1 31 48 -1 31 77 -1 31 133 -1 38 -1 38 48 -1 38 77 -1 38 133 -1 48 -1 48 77 -1 48 133 -1 77 -1 77 133 -1 133 -1 -2
29 -1 29 50 -1 29 164 -1 50 -1 50 164 -1 164 -1 -2
14 -1 14 16 -1 14 40 -1 14 49 -1 14 65 -1 14 154 -1 16 -1 16 40 -1 16 49 -1 16 65 -1 16 154 -1 40 -1 40 49 -1 40 65 -1 40 154 -1 49 -1 49 65 -1 49 154 -1 65 -1 65 154 -1 154 -1 -2
13 -1 13 26 -1 13 34 -1 13 109 -1 26 -1 26 34 -1 26 109 -1 34 -1 34 109 -1 109 -1 -2
169 -1 169 181 -1 181 -1 -2
13 -1 13 34 -1 13 49 -1 13 88 -1 34 -1 34 49 -1 34 88 -1 49 -1 49 88 -1 88 -1 -2
7 -1 7 194 -1 194 -1 -2
1 -1 1 2 -1 1 14 -1 1 71 -1 1 137 -1 1 164 -1 2 -1 2 14 -1 2 71 -1 2 137 -1 2 164 -1 14 -1 14 71 -1 14 137 -1 14 164 -1 71 -1 71 137 -1 71 164 -1 137 -1 137 164 -1 164 -1 -2
1 -1 1 2 -1 1 17 -1 1 80 -1 1 98 -1 1 121 -1 2 -1 2 17 -1 2 80 -1 2 98 -1 2 121 -1 17 -1 17 80 -1 17 98 -1 17 121 -1 80 -1 80 98 -1 80 121 -1 98 -1 98 121 -1 121 -1 -2
14 -1 14 45 -1 14 71 -1 14 137 -1 14 164 -1 45 -1 45 71 -1 45 137 -1 45 164 -1 71 -1 71 137 -1 71 164 -1 137 -1 137 164 -1 164 -1 -2
9 -1 9 38 -1 9 45 -1 9 132 -1 9 163 -1 38 -1 38 45 -1 38 132 -1 38 163 -1 45 -1 45 132 -1 45 163 -1 132 -1 132 163 -1 163 -1 -2
6 -1 6 26 -1 6 35 -1 6 141 -1 26 -1 26 35 -1 26 141 -1 35 -1 35 141 -1 141 -1 -2
43 -1 43 46 -1 43 61 -1 46 -1 46 61 -1 61 -1 -2
16 -1 16 17 -1 16 37 -1 16 65 -1 16 139 -1 17 -1 17 37 -1 17 65 -1 17 139 -1 37 -1 37 65 -1 37 139 -1 65 -1 65 139 -1 139 -1 -2
31 -1 31 43 -1 31 44 -1 43 -1 43 44 -1 44 -1 -2
1 -1 -2
6 -1 6 7 -1 6 137 -1 6 163 -1 7 -1 7 137 -1 7 163 -1 137 -1 137 163 -1 163 -1 -2
47 -1 47 187 -1 187 -1 -2
14 -1 14 56 -1 56 -1 -2
14 -1 -2
6 -1 6 186 -1 186 -1 -2
6 -1 6 104 -1 6 137 -1 6 181 -1 104 -1 104 137 -1 104 181 -1 137 -1 137 181 -1 181 -1 -2
19 -1 19 35 -1 19 40 -1 19 89 -1 35 -1 35 40 -1 35 89 -1 40 -1 40 89 -1 89 -1 -2
9 -1 -2
8 -1 8 47 -1 8 130 -1 8 132 -1 47 -1 47 130 -1 47 132 -1 130 -1 130 132 -1 132 -1 -2
18 -1 18 29 -1 18 88 -1 18 123 -1 29 -1 29 88 -1 29 123 -1 88 -1 88 123 -1 123 -1 -2
17 -1 17 53 -1 53 -1 -2
8 -1 8 18 -1 8 37 -1 8 47 -1 18 -1 18 37 -1 18 47 -1 37 -1 37 47 -1 47 -1 -2
1 -1 1 9 -1 1 40 -1 9 -1 9 40 -1 40 -1 -2
7 -1 7 56 -1 7 79 -1 7 118 -1 56 -1 56 79 -1 56 118 -1 79 -1 79 118 -1 118 -1 -2
1 -1 1 14 -1 1 49 -1 1 131 -1 1 160 -1 14 -1 14 49 -1 14 131 -1 14 160 -1 49 -1 49 131 -1 49 160 -1 131 -1 131 160 -1 160 -1 -2
2 -1 2 24 -1 2 50 -1 24 -1 24 50 -1 50 -1 -2
13 -1 13 29 -1 13 113 -1 29 -1 29 113 -1 113 -1 -2
16 -1 16 25 -1 16 32 -1 16 108 -1 25 -1 25 32 -1 25 108 -1 32 -1 32 108 -1 108 -1 -2
8 -1 8 29 -1 8 117 -1 29 -1 29 117 -1 117 -1 -2
1 -1 1 33 -1 1 49 -1 1 88 -1 1 187 -1 33 -1 33 49 -1 33 88 -1 33 187 -1 49 -1 49 88 -1 49 187 -1 88 -1 88 187 -1 187 -1 -2
14 -1 14 21 -1 14 26 -1 14 44 -1 14 47 -1 14 112 -1 14 121 -1 21 -1 21 26 -1 21 44 -1 21 47 -1 21 112 -1 21 121 -1 26 -1 26 44 -1 26 47 -1 26 112 -1 26 121 -1 44 -1 44 47 -1 44 112 -1 44 121 -1 47 -1 47 112 -1 47 121 -1 112 -1 112 121 -1 121 -1 -2
6 -1 6 13 -1 6 37 -1 6 152 -1 13 -1 13 37 -1 13 152 -1 37 -1 37 152 -1 152 -1 -2
70 -1 -2
1 -1 1 33 -1 1 41 -1 1 42 -1 1 89 -1 1 137 -1 33 -1 33 41 -1 33 42 -1 33 89 -1 33 137 -1 41 -1 41 42 -1 41 89 -1 41 137 -1 42 -1 42 89 -1 42 137 -1 89 -1 89 137 -1 137 -1 -2
25 -1 25 29 -1 25 46 -1 25 65 -1 25 78 -1 25 94 -1 25 134 -1 25 163 -1 29 -1 29 46 -1 29 65 -1 29 78 -1 29 94 -1 29 134 -1 29 163 -1 46 -1 46 65 -1 46 78 -1 46 94 -1 46 134 -1 46 163 -1 65 -1 65 78 -1 65 94 -1 65 134 -1 65 163 -1 78 -1 78 94 -1 78 134 -1 78 163 -1 94 -1 94 134 -1 94 163 -1 134 -1 134 163 -1 163 -1 -2
2 -1 2 9 -1 2 29 -1 2 63 -1 2 100 -1 9 -1 9 29 -1 9 63 -1 9 100 -1 29 -1 29 63 -1 29 100 -1 63 -1 63 100 -1 100 -1 -2
47 -1 47 199 -1 199 -1 -2
22 -1 -2
8 -1 8 18 -1 8 43 -1 8 47 -1 8 48 -1 8 55 -1 8 66 -1 8 189 -1 18 -1 18 43 -1 18 47 -1 18 48 -1 18 55 -1 18 66 -1 18 189 -1 43 -1 43 47 -1 43 48 -1 43 55 -1 43 66 -1 43 189 -1 47 -1 47 48 -1 47 55 -1 47 66 -1 47 189 -1 48 -1 48 55 -1 48 66 -1 48 189 -1 55 -1 55 66 -1 55 189 -1 66 -1 66 189 -1 189 -1 -2
6 -1 6 53 -1 53 -1 -2
29 -1 29 31 -1 29 49 -1 31 -1 31 49 -1 49 -1 -2
12 -1 -2
1 -1 1 29 -1 1 130 -1 29 -1 29 130 -1 130 -1 -2
55 -1 -2
1 -1 1 16 -1 1 48 -1 1 105 -1 1 133 -1 1 151 -1 1 154 -1 16 -1 16 48 -1 16 105 -1 16 133 -1 16 151 -1 16 154 -1 48 -1 48 105 -1 48 133 -1 48 151 -1 48 154 -1 105 -1 105 133 -1 105 151 -1 105 154 -1 133 -1 133 151 -1 133 154 -1 151 -1 151 154 -1 154 -1 -2
2 -1 -2
18 -1 18 108 -1 18 129 -1 108 -1 108 129 -1 129 -1 -2
50 -1 -2
19 -1 19 25 -1 25 -1 -2
56 -1 56 169 -1 169 -1 -2
9 -1 9 21 -1 9 96 -1 21 -1 21 96 -1 96 -1 -2
13 -1 13 49 -1 13 52 -1 49 -1 49 52 -1 52 -1 -2
2 -1 2 33 -1 2 143 -1 33 -1 33 143 -1 143 -1 -2
14 -1 14 34 -1 14 182 -1 34 -1 34 182 -1 182 -1 -2
64 -1 64 96 -1 96 -1 -2
1 -1 1 2 -1 1 63 -1 1 69 -1 2 -1 2 63 -1 2 69 -1 63 -1 63 69 -1 69 -1 -2
1 -1 1 182 -1 182 -1 -2
9 -1 9 40 -1 9 61 -1 9 77 -1 9 196 -1 40 -1 40 61 -1 40 77 -1 40 196 -1 61 -1 61 77 -1 61 196 -1 77 -1 77 196 -1 196 -1 -2
1 -1 1 97 -1 1 112 -1 1 130 -1 1 151 -1 1 163 -1 97 -1 97 112 -1 97 130 -1 97 151 -1 97 163 -1 112 -1 112 130 -1 112 151 -1 112 163 -1 130 -1 130 151 -1 130 163 -1 151 -1 151 163 -1 163 -1 -2
1 -1 1 52 -1 1 189 -1 1 198 -1 52 -1 52 189 -1 52 198 -1 189 -1 189 198 -1 198 -1 -2
7 -1 7 14 -1 7 17 -1 7 38 -1 7 49 -1 7 95 -1 14 -1 14 17 -1 14 38 -1 14 49 -1 14 95 -1 17 -1 17 38 -1 17 49 -1 17 95 -1 38 -1 38 49 -1 38 95 -1 49 -1 49 95 -1 95 -1 -2
2 -1 2 31 -1 2 189 -1 31 -1 31 189 -1 189 -1 -2
70 -1 70 139 -1 139 -1 -2
1 -1 1 38 -1 1 47 -1 1 50 -1 1 164 -1 38 -1 38 47 -1 38 50 -1 38 164 -1 47 -1 47 50 -1 47 164 -1 50 -1 50 164 -1 164 -1 -2
12 -1 12 14 -1 12 38 -1 14 -1 14 38 -1 38 -1 -2
1 -1 1 7 -1 1 45 -1 7 -1 7 45 -1 45 -1 -2
31 -1 31 77 -1 77 -1 -2
196 -1 -2
34 -1 34 94 -1 34 199 -1 94 -1 94 199 -1 199 -1 -2
38 -1 38 167 -1 167 -1 -2
16 -1 16 151 -1 151 -1 -2
21 -1 21 26 -1 21 50 -1 21 74 -1 26 -1 26 50 -1 26 74 -1 50 -1 50 74 -1 74 -1 -2
7 -1 7 17 -1 7 18 -1 7 49 -1 7 179 -1 17 -1 17 18 -1 17 49 -1 17 179 -1 18 -1 18 49 -1 18 179 -1 49 -1 49 179 -1 179 -1 -2
31 -1 31 40 -1 31 43 -1 31 86 -1 31 124 -1 40 -1 40 43 -1 40 86 -1 40 124 -1 43 -1 43 86 -1 43 124 -1 86 -1 86 124 -1 124 -1 -2
86 -1 86 124 -1 124 -1 -2
16 -1 16 187 -1 187 -1 -2
6 -1 6 29 -1 6 152 -1 6 187 -1 29 -1 29 152 -1 29 187 -1 152 -1 152 187 -1 187 -1 -2
2 -1 2 26 -1 2 73 -1 2 96 -1 26 -1 26 73 -1 26 96 -1 73 -1 73 96 -1 96 -1 -2
2 -1 2 92 -1 92 -1 -2
9 -1 9 49 -1 49 -1 -2
6 -1 6 7 -1 6 29 -1 6 140 -1 7 -1 7 29 -1 7 140 -1 29 -1 29 140 -1 140 -1 -2
8 -1 8 9 -1 8 47 -1 8 48 -1 8 187 -1 9 -1 9 47 -1 9 48 -1 9 187 -1 47 -1 47 48 -1 47 187 -1 48 -1 48 187 -1 187 -1 -2
61 -1 61 128 -1 61 162 -1 128 -1 128 162 -1 162 -1 -2
37 -1 37 43 -1 37 48 -1 37 50 -1 37 134 -1 37 160 -1 43 -1 43 48 -1 43 50 -1 43 134 -1 43 160 -1 48 -1 48 50 -1 48 134 -1 48 160 -1 50 -1 50 134 -1 50 160 -1 134 -1 134 160 -1 160 -1 -2
6 -1 6 124 -1 6 172 -1 124 -1 124 172 -1 172 -1 -2
45 -1 -2
9 -1 -2
8 -1 8 47 -1 8 64 -1 47 -1 47 64 -1 64 -1 -2
18 -1 18 32 -1 18 36 -1 32 -1 32 36 -1 36 -1 -2
33 -1 33 97 -1 97 -1 -2
33 -1 33 53 -1 33 108 -1 33 113 -1 33 143 -1 53 -1 53 108 -1 53 113 -1 53 143 -1 108 -1 108 113 -1 108 143 -1 113 -1 113 143 -1 143 -1 -2
8 -1 8 9 -1 8 70 -1 8 139 -1 9 -1 9 70 -1 9 139 -1 70 -1 70 139 -1 139 -1 -2
6 -1 6 8 -1 6 29 -1 6 132 -1 6 191 -1 8 -1 8 29 -1 8 132 -1 8 191 -1 29 -1 29 132 -1 29 191 -1 132 -1 132 191 -1 191 -1 -2
25 -1 25 35 -1 25 43 -1 25 100 -1 35 -1 35 43 -1 35 100 -1 43 -1 43 100 -1 100 -1 -2
29 -1 29 44 -1 29 131 -1 44 -1 44 131 -1 131 -1 -2
6 -1 6 8 -1 6 52 -1 6 163 -1 6 166 -1 8 -1 8 52 -1 8 163 -1 8 166 -1 52 -1 52 163 -1 52 166 -1 163 -1 163 166 -1 166 -1 -2
8 -1 8 43 -1 8 189 -1 43 -1 43 189 -1 189 -1 -2
18 -1 18 61 -1 18 131 -1 61 -1 61 131 -1 131 -1 -2
24 -1 -2
38 -1 38 47 -1 38 56 -1 38 91 -1 38 133 -1 38 188 -1 47 -1 47 56 -1 47 91 -1 47 133 -1 47 188 -1 56 -1 56 91 -1 56 133 -1 56 188 -1 91 -1 91 133 -1 91 188 -1 133 -1 133 188 -1 188 -1 -2
6 -1 6 49 -1 6 139 -1 6 169 -1 49 -1 49 139 -1 49 169 -1 139 -1 139 169 -1 169 -1 -2
1 -1 1 41 -1 1 163 -1 41 -1 41 163 -1 163 -1 -2
6 -1 6 13 -1 6 17 -1 6 33 -1 6 152 -1 13 -1 13 17 -1 13 33 -1 13 152 -1 17 -1 17 33 -1 17 152 -1 33 -1 33 152 -1 152 -1 -2
8 -1 8 55 -1 55 -1 -2
6 -1 6 71 -1 6 104 -1 6 165 -1 71 -1 71 104 -1 71 165 -1 104 -1 104 165 -1 165 -1 -2
74 -1 -2
13 -1 13 131 -1 13 154 -1 131 -1 131 154 -1 154 -1 -2
8 -1 8 38 -1 8 45 -1 38 -1 38 45 -1 45 -1 -2
2 -1 2 16 -1 16 -1 -2
32 -1 32 88 -1 88 -1 -2
2 -1 2 14 -1 2 66 -1 2 99 -1 2 100 -1 14 -1 14 66 -1 14 99 -1 14 100 -1 66 -1 66 99 -1 66 100 -1 99 -1 99 100 -1 100 -1 -2
29 -1 29 88 -1 29 189 -1 88 -1 88 189 -1 189 -1 -2
183 -1 183 198 -1 198 -1 -2
25 -1 25 78 -1 25 172 -1 78 -1 78 172 -1 172 -1 -2
17 -1 17 31 -1 31 -1 -2
2 -1 2 134 -1 2 198 -1 134 -1 134 198 -1 198 -1 -2
56 -1 56 76 -1 56 169 -1 56 188 -1 76 -1 76 169 -1 76 188 -1 169 -1 169 188 -1 188 -1 -2
2 -1 2 9 -1 2 134 -1 9 -1 9 134 -1 134 -1 -2
21 -1 21 64 -1 64 -1 -2
1 -1 1 89 -1 1 104 -1 1 111 -1 89 -1 89 104 -1 89 111 -1 104 -1 104 111 -1 111 -1 -2
36 -1 36 47 -1 36 76 -1 47 -1 47 76 -1 76 -1 -2
56 -1 56 128 -1 56 151 -1 128 -1 128 151 -1 151 -1 -2
9 -1 9 12 -1 9 16 -1 9 33 -1 9 65 -1 9 194 -1 12 -1 12 16 -1 12 33 -1 12 65 -1 12 194 -1 16 -1 16 33 -1 16 65 -1 16 194 -1 33 -1 33 65 -1 33 194 -1 65 -1 65 194 -1 194 -1 -2
1 -1 1 14 -1 1 17 -1 1 43 -1 1 49 -1 14 -1 14 17 -1 14 43 -1 14 49 -1 17 -1 17 43 -1 17 49 -1 43 -1 43 49 -1 49 -1 -2
6 -1 6 42 -1 42 -1 -2
44 -1 44 76 -1 44 89 -1 44 108 -1 76 -1 76 89 -1 76 108 -1 89 -1 89 108 -1 108 -1 -2
9 -1 9 47 -1 9 52 -1 9 187 -1 9 199 -1 47 -1 47 52 -1 47 187 -1 47 199 -1 52 -1 52 187 -1 52 199 -1 187 -1 187 199 -1 199 -1 -2
17 -1 17 48 -1 17 118 -1 17 128 -1 48 -1 48 118 -1 48 128 -1 118 -1 118 128 -1 128 -1 -2
12 -1 12 24 -1 12 77 -1 24 -1 24 77 -1 77 -1 -2
53 -1 53 199 -1 199 -1 -2
50 -1 50 52 -1 50 76 -1 52 -1 52 76 -1 76 -1 -2
29 -1 -2
35 -1 35 40 -1 35 61 -1 35 130 -1 40 -1 40 61 -1 40 130 -1 61 -1 61 130 -1 130 -1 -2
70 -1 70 75 -1 70 88 -1 75 -1 75 88 -1 88 -1 -2
17 -1 17 22 -1 17 32 -1 17 73 -1 22 -1 22 32 -1 22 73 -1 32 -1 32 73 -1 73 -1 -2
29 -1 29 132 -1 132 -1 -2
7 -1 7 8 -1 7 13 -1 7 14 -1 7 121 -1 8 -1 8 13 -1 8 14 -1 8 121 -1 13 -1 13 14 -1 13 121 -1 14 -1 14 121 -1 121 -1 -2
17 -1 17 61 -1 17 64 -1 17 164 -1 61 -1 61 64 -1 61 164 -1 64 -1 64 164 -1 164 -1 -2
43 -1 43 48 -1 43 55 -1 48 -1 48 55 -1 55 -1 -2
13 -1 13 55 -1 55 -1 -2
94 -1 94 117 -1 117 -1 -2
2 -1 2 17 -1 2 93 -1 17 -1 17 93 -1 93 -1 -2
7 -1 -2
6 -1 6 38 -1 6 167 -1 38 -1 38 167 -1 167 -1 -2
1 -1 -2
1 -1 1 44 -1 1 92 -1 1 166 -1 44 -1 44 92 -1 44 166 -1 92 -1 92 166 -1 166 -1 -2
22 -1 -2
8 -1 8 14 -1 8 47 -1 8 48 -1 8 199 -1 14 -1 14 47 -1 14 48 -1 14 199 -1 47 -1 47 48 -1 47 199 -1 48 -1 48 199 -1 199 -1 -2
14 -1 14 19 -1 19 -1 -2
1 -1 1 37 -1 1 45 -1 1 64 -1 37 -1 37 45 -1 37 64 -1 45 -1 45 64 -1 64 -1 -2
2 -1 2 6 -1 2 7 -1 2 44 -1 2 94 -1 6 -1 6 7 -1 6 44 -1 6 94 -1 7 -1 7 44 -1 7 94 -1 44 -1 44 94 -1 94 -1 -2
8 -1 8 17 -1 8 21 -1 8 189 -1 17 -1 17 21 -1 17 189 -1 21 -1 21 189 -1 189 -1 -2
24 -1 24 166 -1 166 -1 -2
2 -1 2 21 -1 21 -1 -2
100 -1 -2
7 -1 7 8 -1 7 14 -1 7 18 -1 7 40 -1 7 47 -1 7 64 -1 8 -1 8 14 -1 8 18 -1 8 40 -1 8 47 -1 8 64 -1 14 -1 14 18 -1 14 40 -1 14 47 -1 14 64 -1 18 -1 18 40 -1 18 47 -1 18 64 -1 40 -1 40 47 -1 40 64 -1 47 -1 47 64 -1 64 -1 -2
2 -1 2 8 -1 2 36 -1 2 38 -1 2 98 -1 2 169 -1 2 187 -1 8 -1 8 36 -1 8 38 -1 8 98 -1 8 169 -1 8 187 -1 36 -1 36 38 -1 36 98 -1 36 169 -1 36 187 -1 38 -1 38 98 -1 38 169 -1 38 187 -1 98 -1 98 169 -1 98 187 -1 169 -1 169 187 -1 187 -1 -2
18 -1 18 25 -1 18 34 -1 25 -1 25 34 -1 34 -1 -2
2 -1 2 70 -1 2 117 -1 70 -1 70 117 -1 117 -1 -2
16 -1 16 34 -1 16 63 -1 16 65 -1 16 69 -1 16 136 -1 16 198 -1 34 -1 34 63 -1 34 65 -1 34 69 -1 34 136 -1 34 198 -1 63 -1 63 65 -1 63 69 -1 63 136 -1 63 198 -1 65 -1 65 69 -1 65 136 -1 65 198 -1 69 -1 69 136 -1 69 198 -1 136 -1 136 198 -1 198 -1 -2
6 -1 6 7 -1 6 14 -1 7 -1 7 14 -1 14 -1 -2
2 -1 2 8 -1 2 9 -1 2 29 -1 2 38 -1 2 50 -1 2 92 -1 8 -1 8 9 -1 8 29 -1 8 38 -1 8 50 -1 8 92 -1 9 -1 9 29 -1 9 38 -1 9 50 -1 9 92 -1 29 -1 29 38 -1 29 50 -1 29 92 -1 38 -1 38 50 -1 38 92 -1 50 -1 50 92 -1 92 -1 -2
44 -1 44 49 -1 44 86 -1 44 124 -1 49 -1 49 86 -1 49 124 -1 86 -1 86 124 -1 124 -1 -2
1 -1 1 14 -1 1 47 -1 1 64 -1 14 -1 14 47 -1 14 64 -1 47 -1 47 64 -1 64 -1 -2
14 -1 14 44 -1 14 187 -1 44 -1 44 187 -1 187 -1 -2
9 -1 9 21 -1 9 88 -1 21 -1 21 88 -1 88 -1 -2
9 -1 -2
12 -1 12 16 -1 12 18 -1 12 37 -1 12 65 -1 12 88 -1 12 124 -1 16 -1 16 18 -1 16 37 -1 16 65 -1 16 88 -1 16 124 -1 18 -1 18 37 -1 18 65 -1 18 88 -1 18 124 -1 37 -1 37 65 -1 37 88 -1 37 124 -1 65 -1 65 88 -1 65 124 -1 88 -1 88 124 -1 124 -1 -2
26 -1 26 52 -1 52 -1 -2
7 -1 7 105 -1 7 108 -1 105 -1 105 108 -1 108 -1 -2
38 -1 38 44 -1 38 117 -1 38 187 -1 44 -1 44 117 -1 44 187 -1 117 -1 117 187 -1 187 -1 -2
6 -1 6 7 -1 6 162 -1 7 -1 7 162 -1 162 -1 -2
21 -1 21 74 -1 21 113 -1 74 -1 74 113 -1 113 -1 -2
108 -1 -2
1 -1 1 6 -1 1 7 -1 1 17 -1 1 37 -1 1 107 -1 6 -1 6 7 -1 6 17 -1 6 37 -1 6 107 -1 7 -1 7 17 -1 7 37 -1 7 107 -1 17 -1 17 37 -1 17 107 -1 37 -1 37 107 -1 107 -1 -2
2 -1 2 19 -1 2 24 -1 2 63 -1 2 128 -1 19 -1 19 24 -1 19 63 -1 19 128 -1 24 -1 24 63 -1 24 128 -1 63 -1 63 128 -1 128 -1 -2
7 -1 7 8 -1 7 113 -1 8 -1 8 113 -1 113 -1 -2
7 -1 7 108 -1 108 -1 -2
2 -1 2 7 -1 2 37 -1 2 44 -1 2 90 -1 2 179 -1 7 -1 7 37 -1 7 44 -1 7 90 -1 7 179 -1 37 -1 37 44 -1 37 90 -1 37 179 -1 44 -1 44 90 -1 44 179 -1 90 -1 90 179 -1 179 -1 -2
37 -1 37 47 -1 37 91 -1 47 -1 47 91 -1 91 -1 -2
137 -1 -2
2 -1 2 26 -1 2 41 -1 2 171 -1 26 -1 26 41 -1 26 171 -1 41 -1 41 171 -1 171 -1 -2
88 -1 88 130 -1 130 -1 -2
49 -1 49 65 -1 49 119 -1 49 179 -1 65 -1 65 119 -1 65 179 -1 119 -1 119 179 -1 179 -1 -2
2 -1 2 14 -1 2 19 -1 2 35 -1 2 109 -1 14 -1 14 19 -1 14 35 -1 14 109 -1 19 -1 19 35 -1 19 109 -1 35 -1 35 109 -1 109 -1 -2
38 -1 38 70 -1 38 73 -1 70 -1 70 73 -1 73 -1 -2
16 -1 16 70 -1 16 79 -1 70 -1 70 79 -1 79 -1 -2
9 -1 9 16 -1 9 26 -1 9 35 -1 9 38 -1 9 44 -1 9 65 -1 16 -1 16 26 -1 16 35 -1 16 38 -1 16 44 -1 16 65 -1 26 -1 26 35 -1 26 38 -1 26 44 -1 26 65 -1 35 -1 35 38 -1 35 44 -1 35 65 -1 38 -1 38 44 -1 38 65 -1 44 -1 44 65 -1 65 -1 -2
6 -1 6 74 -1 6 162 -1 74 -1 74 162 -1 162 -1 -2
63 -1 -2
9 -1 9 50 -1 9 69 -1 9 80 -1 50 -1 50 69 -1 50 80 -1 69 -1 69 80 -1 80 -1 -2
25 -1 25 26 -1 25 56 -1 25 169 -1 25 188 -1 26 -1 26 56 -1 26 169 -1 26 188 -1 56 -1 56 169 -1 56 188 -1 169 -1 169 188 -1 188 -1 -2
1 -1 1 12 -1 1 45 -1 1 46 -1 1 89 -1 1 137 -1 12 -1 12 45 -1 12 46 -1 12 89 -1 12 137 -1 45 -1 45 46 -1 45 89 -1 45 137 -1 46 -1 46 89 -1 46 137 -1 89 -1 89 137 -1 137 -1 -2
29 -1 29 77 -1 29 95 -1 29 111 -1 29 162 -1 77 -1 77 95 -1 77 111 -1 77 162 -1 95 -1 95 111 -1 95 162 -1 111 -1 111 162 -1 162 -1 -2
33 -1 33 141 -1 33 143 -1 33 194 -1 141 -1 141 143 -1 141 194 -1 143 -1 143 194 -1 194 -1 -2
8 -1 8 49 -1 49 -1 -2
26 -1 26 73 -1 73 -1 -2
6 -1 6 37 -1 37 -1 -2
13 -1 13 21 -1 13 38 -1 13 52 -1 13 163 -1 21 -1 21 38 -1 21 52 -1 21 163 -1 38 -1 38 52 -1 38 163 -1 52 -1 52 163 -1 163 -1 -2
16 -1 16 17 -1 16 55 -1 17 -1 17 55 -1 55 -1 -2
145 -1 -2
1 -1 1 72 -1 72 -1 -2
7 -1 7 89 -1 7 97 -1 89 -1 89 97 -1 97 -1 -2
2 -1 2 21 -1 2 44 -1 2 45 -1 2 66 -1 21 -1 21 44 -1 21 45 -1 21 66 -1 44 -1 44 45 -1 44 66 -1 45 -1 45 66 -1 66 -1 -2
70 -1 70 139 -1 139 -1 -2
2 -1 2 26 -1 2 49 -1 2 61 -1 26 -1 26 49 -1 26 61 -1 49 -1 49 61 -1 61 -1 -2
17 -1 17 43 -1 17 50 -1 43 -1 43 50 -1 50 -1 -2
14 -1 14 19 -1 14 187 -1 19 -1 19 187 -1 187 -1 -2
25 -1 25 29 -1 25 34 -1 25 52 -1 25 69 -1 25 189 -1 29 -1 29 34 -1 29 52 -1 29 69 -1 29 189 -1 34 -1 34 52 -1 34 69 -1 34 189 -1 52 -1 52 69 -1 52 189 -1 69 -1 69 189 -1 189 -1 -2
1 -1 1 9 -1 1 52 -1 1 168 -1 1 182 -1 1 186 -1 9 -1 9 52 -1 9 168 -1 9 182 -1 9 186 -1 52 -1 52 168 -1 52 182 -1 52 186 -1 168 -1 168 182 -1 168 186 -1 182 -1 182 186 -1 186 -1 -2
73 -1 73 91 -1 91 -1 -2
40 -1 40 45 -1 40 100 -1 45 -1 45 100 -1 100 -1 -2
19 -1 19 35 -1 19 44 -1 19 114 -1 35 -1 35 44 -1 35 114 -1 44 -1 44 114 -1 114 -1 -2
7 -1 7 78 -1 7 89 -1 7 114 -1 7 149 -1 78 -1 78 89 -1 78 114 -1 78 149 -1 89 -1 89 114 -1 89 149 -1 114 -1 114 149 -1 149 -1 -2
1 -1 1 7 -1 1 36 -1 1 48 -1 1 86 -1 1 124 -1 1 139 -1 1 169 -1 7 -1 7 36 -1 7 48 -1 7 86 -1 7 124 -1 7 139 -1 7 169 -1 36 -1 36 48 -1 36 86 -1 36 124 -1 36 139 -1 36 169 -1 48 -1 48 86 -1 48 124 -1 48 139 -1 48 169 -1 86 -1 86 124 -1 86 139 -1 86 169 -1 124 -1 124 139 -1 124 169 -1 139 -1 139 169 -1 169 -1 -2
7 -1 7 8 -1 7 37 -1 7 40 -1 8 -1 8 37 -1 8 40 -1 37 -1 37 40 -1 40 -1 -2
1 -1 1 40 -1 1 47 -1 1 61 -1 1 64 -1 1 117 -1 1 129 -1 1 141 -1 40 -1 40 47 -1 40 61 -1 40 64 -1 40 117 -1 40 129 -1 40 141 -1 47 -1 47 61 -1 47 64 -1 47 117 -1 47 129 -1 47 141 -1 61 -1 61 64 -1 61 117 -1 61 129 -1 61 141 -1 64 -1 64 117 -1 64 129 -1 64 141 -1 117 -1 117 129 -1 117 141 -1 129 -1 129 141 -1 141 -1 -2
1 -1 1 2 -1 2 -1 -2
44 -1 44 49 -1 44 180 -1 49 -1 49 180 -1 180 -1 -2
33 -1 33 49 -1 33 132 -1 49 -1 49 132 -1 132 -1 -2
101 -1 101 116 -1 116 -1 -2
2 -1 2 9 -1 2 70 -1 2 131 -1 9 -1 9 70 -1 9 131 -1 70 -1 70 131 -1 131 -1 -2
1 -1 1 9 -1 1 47 -1 1 61 -1 9 -1 9 47 -1 9 61 -1 47 -1 47 61 -1 61 -1 -2
47 -1 47 50 -1 47 92 -1 50 -1 50 92 -1 92 -1 -2
1 -1 1 6 -1 1 40 -1 1 61 -1 1 136 -1 6 -1 6 40 -1 6 61 -1 6 136 -1 40 -1 40 61 -1 40 136 -1 61 -1 61 136 -1 136 -1 -2
17 -1 17 29 -1 17 64 -1 17 112 -1 29 -1 29 64 -1 29 112 -1 64 -1 64 112 -1 112 -1 -2
2 -1 2 19 -1 2 44 -1 19 -1 19 44 -1 44 -1 -2
8 -1 8 14 -1 8 47 -1 8 48 -1 8 133 -1 8 199 -1 14 -1 14 47 -1 14 48 -1 14 133 -1 14 199 -1 47 -1 47 48 -1 47 133 -1 47 199 -1 48 -1 48 133 -1 48 199 -1 133 -1 133 199 -1 199 -1 -2
8 -1 8 35 -1 35 -1 -2
2 -1 2 85 -1 2 96 -1 85 -1 85 96 -1 96 -1 -2
25 -1 25 56 -1 25 80 -1 25 188 -1 56 -1 56 80 -1 56 188 -1 80 -1 80 188 -1 188 -1 -2
13 -1 13 29 -1 13 124 -1 29 -1 29 124 -1 124 -1 -2
9 -1 9 17 -1 9 29 -1 9 76 -1 9 105 -1 9 187 -1 17 -1 17 29 -1 17 76 -1 17 105 -1 17 187 -1 29 -1 29 76 -1 29 105 -1 29 187 -1 76 -1 76 105 -1 76 187 -1 105 -1 105 187 -1 187 -1 -2
17 -1 17 107 -1 17 148 -1 107 -1 107 148 -1 148 -1 -2
7 -1 7 8 -1 7 36 -1 7 187 -1 8 -1 8 36 -1 8 187 -1 36 -1 36 187 -1 187 -1 -2
2 -1 2 24 -1 2 49 -1 2 88 -1 2 139 -1 24 -1 24 49 -1 24 88 -1 24 139 -1 49 -1 49 88 -1 49 139 -1 88 -1 88 139 -1 139 -1 -2
8 -1 8 40 -1 8 45 -1 8 61 -1 8 151 -1 40 -1 40 45 -1 40 61 -1 40 151 -1 45 -1 45 61 -1 45 151 -1 61 -1 61 151 -1 151 -1 -2
6 -1 6 13 -1 13 -1 -2
1 -1 1 2 -1 1 14 -1 1 19 -1 1 35 -1 1 130 -1 1 132 -1 1 167 -1 2 -1 2 14 -1 2 19 -1 2 35 -1 2 130 -1 2 132 -1 2 167 -1 14 -1 14 19 -1 14 35 -1 14 130 -1 14 132 -1 14 167 -1 19 -1 19 35 -1 19 130 -1 19 132 -1 19 167 -1 35 -1 35 130 -1 35 132 -1 35 167 -1 130 -1 130 132 -1 130 167 -1 132 -1 132 167 -1 167 -1 -2
1 -1 1 6 -1 1 16 -1 1 33 -1 1 72 -1 1 152 -1 1 194 -1 6 -1 6 16 -1 6 33 -1 6 72 -1 6 152 -1 6 194 -1 16 -1 16 33 -1 16 72 -1 16 152 -1 16 194 -1 33 -1 33 72 -1 33 152 -1 33 194 -1 72 -1 72 152 -1 72 194 -1 152 -1 152 194 -1 194 -1 -2
6 -1 6 16 -1 6 65 -1 16 -1 16 65 -1 65 -1 -2
14 -1 -2
44 -1 44 50 -1 50 -1 -2
24 -1 24 52 -1 24 167 -1 52 -1 52 167 -1 167 -1 -2
1 -1 1 2 -1 1 7 -1 1 17 -1 1 31 -1 1 37 -1 1 123 -1 2 -1 2 7 -1 2 17 -1 2 31 -1 2 37 -1 2 123 -1 7 -1 7 17 -1 7 31 -1 7 37 -1 7 123 -1 17 -1 17 31 -1 17 37 -1 17 123 -1 31 -1 31 37 -1 31 123 -1 37 -1 37 123 -1 123 -1 -2
78 -1 78 97 -1 78 108 -1 97 -1 97 108 -1 108 -1 -2
19 -1 19 37 -1 19 45 -1 19 166 -1 37 -1 37 45 -1 37 166 -1 45 -1 45 166 -1 166 -1 -2
14 -1 -2
16 -1 16 37 -1 16 194 -1 37 -1 37 194 -1 194 -1 -2
2 -1 2 45 -1 45 -1 -2
35 -1 35 37 -1 37 -1 -2
2 -1 2 43 -1 2 47 -1 2 133 -1 2 199 -1 43 -1 43 47 -1 43 133 -1 43 199 -1 47 -1 47 133 -1 47 199 -1 133 -1 133 199 -1 199 -1 -2
1 -1 1 35 -1 35 -1 -2
2 -1 2 19 -1 2 44 -1 2 46 -1 2 90 -1 2 188 -1 19 -1 19 44 -1 19 46 -1 19 90 -1 19 188 -1 44 -1 44 46 -1 44 90 -1 44 188 -1 46 -1 46 90 -1 46 188 -1 90 -1 90 188 -1 188 -1 -2
199 -1 -2
17 -1 17 19 -1 17 42 -1 17 48 -1 19 -1 19 42 -1 19 48 -1 42 -1 42 48 -1 48 -1 -2
43 -1 43 69 -1 43 196 -1 69 -1 69 196 -1 196 -1 -2
169 -1 -2
8 -1 8 47 -1 8 55 -1 8 64 -1 47 -1 47 55 -1 47 64 -1 55 -1 55 64 -1 64 -1 -2
9 -1 9 36 -1 36 -1 -2
50 -1 -2
22 -1 22 40 -1 22 48 -1 22 154 -1 40 -1 40 48 -1 40 154 -1 48 -1 48 154 -1 154 -1 -2
199 -1 -2
13 -1 13 74 -1 74 -1 -2
2 -1 2 21 -1 2 72 -1 2 100 -1 2 138 -1 21 -1 21 72 -1 21 100 -1 21 138 -1 72 -1 72 100 -1 72 138 -1 100 -1 100 138 -1 138 -1 -2
1 -1 1 2 -1 1 18 -1 1 36 -1 1 38 -1 1 52 -1 1 86 -1 1 123 -1 1 124 -1 1 151 -1 2 -1 2 18 -1 2 36 -1 2 38 -1 2 52 -1 2 86 -1 2 123 -1 2 124 -1 2 151 -1 18 -1 18 36 -1 18 38 -1 18 52 -1 18 86 -1 18 123 -1 18 124 -1 18 151 -1 36 -1 36 38 -1 36 52 -1 36 86 -1 36 123 -1 36 124 -1 36 151 -1 38 -1 38 52 -1 38 86 -1 38 123 -1 38 124 -1 38 151 -1 52 -1 52 86 -1 52 123 -1 52 124 -1 52 151 -1 86 -1 86 123 -1 86 124 -1 86 151 -1 123 -1 123 124 -1 123 151 -1 124 -1 124 151 -1 151 -1 -2
89 -1 89 131 -1 89 167 -1 131 -1 131 167 -1 167 -1 -2
6 -1 6 16 -1 6 17 -1 6 44 -1 6 72 -1 6 75 -1 6 167 -1 6 194 -1 16 -1 16 17 -1 16 44 -1 16 72 -1 16 75 -1 16 167 -1 16 194 -1 17 -1 17 44 -1 17 72 -1 17 75 -1 17 167 -1 17 194 -1 44 -1 44 72 -1 44 75 -1 44 167 -1 44 194 -1 72 -1 72 75 -1 72 167 -1 72 194 -1 75 -1 75 167 -1 75 194 -1 167 -1 167 194 -1 194 -1 -2
13 -1 13 14 -1 13 19 -1 13 43 -1 13 47 -1 13 53 -1 13 61 -1 14 -1 14 19 -1 14 43 -1 14 47 -1 14 53 -1 14 61 -1 19 -1 19 43 -1 19 47 -1 19 53 -1 19 61 -1 43 -1 43 47 -1 43 53 -1 43 61 -1 47 -1 47 53 -1 47 61 -1 53 -1 53 61 -1 61 -1 -2
130 -1 130 199 -1 199 -1 -2
14 -1 14 33 -1 14 49 -1 14 50 -1 14 95 -1 33 -1 33 49 -1 33 50 -1 33 95 -1 49 -1 49 50 -1 49 95 -1 50 -1 50 95 -1 95 -1 -2
2 -1 2 17 -1 2 26 -1 2 42 -1 2 144 -1 17 -1 17 26 -1 17 42 -1 17 144 -1 26 -1 26 42 -1 26 144 -1 42 -1 42 144 -1 144 -1 -2
31 -1 31 38 -1 31 160 -1 31 172 -1 31 179 -1 38 -1 38 160 -1 38 172 -1 38 179 -1 160 -1 160 172 -1 160 179 -1 172 -1 172 179 -1 179 -1 -2
167 -1 -2
1 -1 1 2 -1 1 16 -1 1 24 -1 1 26 -1 1 107 -1 1 166 -1 2 -1 2 16 -1 2 24 -1 2 26 -1 2 107 -1 2 166 -1 16 -1 16 24 -1 16 26 -1 16 107 -1 16 166 -1 24 -1 24 26 -1 24 107 -1 24 166 -1 26 -1 26 107 -1 26 166 -1 107 -1 107 166 -1 166 -1 -2
1 -1 1 2 -1 1 35 -1 1 47 -1 1 117 -1 2 -1 2 35 -1 2 47 -1 2 117 -1 35 -1 35 47 -1 35 117 -1 47 -1 47 117 -1 117 -1 -2
13 -1 13 14 -1 13 53 -1 14 -1 14 53 -1 53 -1 -2
64 -1 -2
17 -1 -2
8 -1 8 40 -1 8 55 -1 40 -1 40 55 -1 55 -1 -2
29 -1 -2
76 -1 76 94 -1 94 -1 -2
19 -1 19 131 -1 19 140 -1 19 151 -1 131 -1 131 140 -1 131 151 -1 140 -1 140 151 -1 151 -1 -2
14 -1 14 34 -1 14 44 -1 14 52 -1 14 72 -1 34 -1 34 44 -1 34 52 -1 34 72 -1 44 -1 44 52 -1 44 72 -1 52 -1 52 72 -1 72 -1 -2
17 -1 17 179 -1 179 -1 -2
74 -1 74 154 -1 74 163 -1 154 -1 154 163 -1 163 -1 -2
6 -1 6 32 -1 6 128 -1 6 196 -1 32 -1 32 128 -1 32 196 -1 128 -1 128 196 -1 196 -1 -2
1 -1 1 33 -1 1 38 -1 1 48 -1 1 113 -1 1 151 -1 33 -1 33 38 -1 33 48 -1 33 113 -1 33 151 -1 38 -1 38 48 -1 38 113 -1 38 151 -1 48 -1 48 113 -1 48 151 -1 113 -1 113 151 -1 151 -1 -2
16 -1 16 48 -1 16 53 -1 16 63 -1 16 73 -1 16 131 -1 16 133 -1 48 -1 48 53 -1 48 63 -1 48 73 -1 48 131 -1 48 133 -1 53 -1 53 63 -1 53 73 -1 53 131 -1 53 133 -1 63 -1 63 73 -1 63 131 -1 63 133 -1 73 -1 73 131 -1 73 133 -1 131 -1 131 133 -1 133 -1 -2
40 -1 -2
37 -1 37 130 -1 130 -1 -2
7 -1 7 9 -1 7 13 -1 7 42 -1 7 143 -1 9 -1 9 13 -1 9 42 -1 9 143 -1 13 -1 13 42 -1 13 143 -1 42 -1 42 143 -1 143 -1 -2
41 -1 41 56 -1 41 106 -1 56 -1 56 106 -1 106 -1 -2
16 -1 16 49 -1 16 65 -1 16 98 -1 16 104 -1 49 -1 49 65 -1 49 98 -1 49 104 -1 65 -1 65 98 -1 65 104 -1 98 -1 98 104 -1 104 -1 -2
1 -1 1 21 -1 1 164 -1 21 -1 21 164 -1 164 -1 -2
37 -1 -2
16 -1 16 25 -1 16 38 -1 25 -1 25 38 -1 38 -1 -2
34 -1 34 76 -1 34 179 -1 76 -1 76 179 -1 179 -1 -2
12 -1 12 44 -1 12 100 -1 12 128 -1 44 -1 44 100 -1 44 128 -1 100 -1 100 128 -1 128 -1 -2
29 -1 29 72 -1 29 95 -1 29 136 -1 72 -1 72 95 -1 72 136 -1 95 -1 95 136 -1 136 -1 -2
8 -1 8 121 -1 121 -1 -2
1 -1 1 43 -1 1 86 -1 1 95 -1 1 100 -1 1 124 -1 43 -1 43 86 -1 43 95 -1 43 100 -1 43 124 -1 86 -1 86 95 -1 86 100 -1 86 124 -1 95 -1 95 100 -1 95 124 -1 100 -1 100 124 -1 124 -1 -2
2 -1 2 16 -1 2 48 -1 16 -1 16 48 -1 48 -1 -2
21 -1 21 26 -1 21 99 -1 21 124 -1 26 -1 26 99 -1 26 124 -1 99 -1 99 124 -1 124 -1 -2
9 -1 9 16 -1 9 42 -1 9 149 -1 16 -1 16 42 -1 16 149 -1 42 -1 42 149 -1 149 -1 -2
175 -1 -2
1 -1 1 2 -1 1 24 -1 1 31 -1 1 37 -1 1 61 -1 2 -1 2 24 -1 2 31 -1 2 37 -1 2 61 -1 24 -1 24 31 -1 24 37 -1 24 61 -1 31 -1 31 37 -1 31 61 -1 37 -1 37 61 -1 61 -1 -2
63 -1 63 191 -1 191 -1 -2
180 -1 -2
14 -1 14 17 -1 14 21 -1 14 112 -1 14 137 -1 17 -1 17 21 -1 17 112 -1 17 137 -1 21 -1 21 112 -1 21 137 -1 112 -1 112 137 -1 137 -1 -2
2 -1 2 7 -1 2 17 -1 2 19 -1 2 41 -1 2 42 -1 2 89 -1 2 137 -1 7 -1 7 17 -1 7 19 -1 7 41 -1 7 42 -1 7 89 -1 7 137 -1 17 -1 17 19 -1 17 41 -1 17 42 -1 17 89 -1 17 137 -1 19 -1 19 41 -1 19 42 -1 19 89 -1 19 137 -1 41 -1 41 42 -1 41 89 -1 41 137 -1 42 -1 42 89 -1 42 137 -1 89 -1 89 137 -1 137 -1 -2
1 -1 1 2 -1 1 7 -1 1 17 -1 1 66 -1 2 -1 2 7 -1 2 17 -1 2 66 -1 7 -1 7 17 -1 7 66 -1 17 -1 17 66 -1 66 -1 -2
8 -1 8 18 -1 8 44 -1 8 47 -1 8 189 -1 18 -1 18 44 -1 18 47 -1 18 189 -1 44 -1 44 47 -1 44 189 -1 47 -1 47 189 -1 189 -1 -2
16 -1 16 43 -1 43 -1 -2
33 -1 33 42 -1 33 92 -1 33 143 -1 33 194 -1 42 -1 42 92 -1 42 143 -1 42 194 -1 92 -1 92 143 -1 92 194 -1 143 -1 143 194 -1 194 -1 -2
6 -1 6 9 -1 6 13 -1 6 49 -1 6 141 -1 6 152 -1 9 -1 9 13 -1 9 49 -1 9 141 -1 9 152 -1 13 -1 13 49 -1 13 141 -1 13 152 -1 49 -1 49 141 -1 49 152 -1 141 -1 141 152 -1 152 -1 -2
6 -1 6 8 -1 6 47 -1 6 48 -1 6 121 -1 8 -1 8 47 -1 8 48 -1 8 121 -1 47 -1 47 48 -1 47 121 -1 48 -1 48 121 -1 121 -1 -2
1 -1 1 35 -1 1 124 -1 1 175 -1 35 -1 35 124 -1 35 175 -1 124 -1 124 175 -1 175 -1 -2
1 -1 1 2 -1 1 9 -1 1 45 -1 1 77 -1 1 164 -1 1 182 -1 2 -1 2 9 -1 2 45 -1 2 77 -1 2 164 -1 2 182 -1 9 -1 9 45 -1 9 77 -1 9 164 -1 9 182 -1 45 -1 45 77 -1 45 164 -1 45 182 -1 77 -1 77 164 -1 77 182 -1 164 -1 164 182 -1 182 -1 -2
9 -1 9 12 -1 9 26 -1 9 38 -1 9 52 -1 9 91 -1 9 123 -1 12 -1 12 26 -1 12 38 -1 12 52 -1 12 91 -1 12 123 -1 26 -1 26 38 -1 26 52 -1 26 91 -1 26 123 -1 38 -1 38 52 -1 38 91 -1 38 123 -1 52 -1 52 91 -1 52 123 -1 91 -1 91 123 -1 123 -1 -2
8 -1 8 18 -1 8 29 -1 8 47 -1 18 -1 18 29 -1 18 47 -1 29 -1 29 47 -1 47 -1 -2
139 -1 -2
26 -1 26 137 -1 137 -1 -2
6 -1 6 13 -1 6 43 -1 6 152 -1 13 -1 13 43 -1 13 152 -1 43 -1 43 152 -1 152 -1 -2
37 -1 -2
191 -1 -2
40 -1 -2
1 -1 1 24 -1 1 167 -1 24 -1 24 167 -1 167 -1 -2
43 -1 -2
29 -1 -2
33 -1 33 49 -1 33 143 -1 33 165 -1 49 -1 49 143 -1 49 165 -1 143 -1 143 165 -1 165 -1 -2
50 -1 -2
14 -1 14 34 -1 14 37 -1 14 43 -1 14 47 -1 14 76 -1 14 140 -1 14 151 -1 14 177 -1 34 -1 34 37 -1 34 43 -1 34 47 -1 34 76 -1 34 140 -1 34 151 -1 34 177 -1 37 -1 37 43 -1 37 47 -1 37 76 -1 37 140 -1 37 151 -1 37 177 -1 43 -1 43 47 -1 43 76 -1 43 140 -1 43 151 -1 43 177 -1 47 -1 47 76 -1 47 140 -1 47 151 -1 47 177 -1 76 -1 76 140 -1 76 151 -1 76 177 -1 140 -1 140 151 -1 140 177 -1 151 -1 151 177 -1 177 -1 -2
8 -1 8 38 -1 8 121 -1 8 167 -1 8 179 -1 38 -1 38 121 -1 38 167 -1 38 179 -1 121 -1 121 167 -1 121 179 -1 167 -1 167 179 -1 179 -1 -2
8 -1 8 14 -1 8 44 -1 8 189 -1 14 -1 14 44 -1 14 189 -1 44 -1 44 189 -1 189 -1 -2
13 -1 13 40 -1 40 -1 -2
40 -1 40 70 -1 40 141 -1 70 -1 70 141 -1 141 -1 -2
186 -1 -2
13 -1 13 53 -1 53 -1 -2
42 -1 42 105 -1 42 129 -1 105 -1 105 129 -1 129 -1 -2
8 -1 8 9 -1 8 47 -1 8 86 -1 8 133 -1 9 -1 9 47 -1 9 86 -1 9 133 -1 47 -1 47 86 -1 47 133 -1 86 -1 86 133 -1 133 -1 -2
1 -1 1 2 -1 1 36 -1 1 43 -1 1 44 -1 2 -1 2 36 -1 2 43 -1 2 44 -1 36 -1 36 43 -1 36 44 -1 43 -1 43 44 -1 44 -1 -2
21 -1 21 116 -1 116 -1 -2
50 -1 50 76 -1 76 -1 -2
1 -1 1 46 -1 1 179 -1 46 -1 46 179 -1 179 -1 -2
9 -1 9 24 -1 9 70 -1 9 97 -1 24 -1 24 70 -1 24 97 -1 70 -1 70 97 -1 97 -1 -2
47 -1 47 92 -1 47 199 -1 92 -1 92 199 -1 199 -1 -2
99 -1 99 108 -1 108 -1 -2
6 -1 6 29 -1 6 44 -1 29 -1 29 44 -1 44 -1 -2
1 -1 1 36 -1 1 76 -1 36 -1 36 76 -1 76 -1 -2
8 -1 8 44 -1 8 47 -1 8 48 -1 8 121 -1 8 133 -1 44 -1 44 47 -1 44 48 -1 44 121 -1 44 133 -1 47 -1 47 48 -1 47 121 -1 47 133 -1 48 -1 48 121 -1 48 133 -1 121 -1 121 133 -1 133 -1 -2
16 -1 16 65 -1 16 78 -1 65 -1 65 78 -1 78 -1 -2
7 -1 7 37 -1 7 186 -1 37 -1 37 186 -1 186 -1 -2
45 -1 45 85 -1 85 -1 -2
88 -1 -2
19 -1 19 41 -1 41 -1 -2
9 -1 -2
2 -1 2 13 -1 2 21 -1 2 74 -1 13 -1 13 21 -1 13 74 -1 21 -1 21 74 -1 74 -1 -2
9 -1 9 12 -1 9 24 -1 9 41 -1 12 -1 12 24 -1 12 41 -1 24 -1 24 41 -1 41 -1 -2
48 -1 -2
1 -1 1 74 -1 74 -1 -2
19 -1 19 52 -1 19 70 -1 19 72 -1 52 -1 52 70 -1 52 72 -1 70 -1 70 72 -1 72 -1 -2
1 -1 1 37 -1 1 89 -1 1 119 -1 37 -1 37 89 -1 37 119 -1 89 -1 89 119 -1 119 -1 -2
1 -1 1 2 -1 1 63 -1 1 71 -1 1 107 -1 2 -1 2 63 -1 2 71 -1 2 107 -1 63 -1 63 71 -1 63 107 -1 71 -1 71 107 -1 107 -1 -2
40 -1 40 101 -1 101 -1 -2
1 -1 1 7 -1 1 14 -1 1 34 -1 1 69 -1 7 -1 7 14 -1 7 34 -1 7 69 -1 14 -1 14 34 -1 14 69 -1 34 -1 34 69 -1 69 -1 -2
16 -1 16 18 -1 16 70 -1 16 88 -1 16 194 -1 18 -1 18 70 -1 18 88 -1 18 194 -1 70 -1 70 88 -1 70 194 -1 88 -1 88 194 -1 194 -1 -2
16 -1 16 48 -1 16 99 -1 16 133 -1 16 169 -1 48 -1 48 99 -1 48 133 -1 48 169 -1 99 -1 99 133 -1 99 169 -1 133 -1 133 169 -1 169 -1 -2
33 -1 33 70 -1 70 -1 -2
2 -1 2 9 -1 2 17 -1 2 52 -1 2 61 -1 2 191 -1 9 -1 9 17 -1 9 52 -1 9 61 -1 9 191 -1 17 -1 17 52 -1 17 61 -1 17 191 -1 52 -1 52 61 -1 52 191 -1 61 -1 61 191 -1 191 -1 -2
7 -1 7 17 -1 7 76 -1 7 108 -1 7 129 -1 17 -1 17 76 -1 17 108 -1 17 129 -1 76 -1 76 108 -1 76 129 -1 108 -1 108 129 -1 129 -1 -2
49 -1 49 137 -1 137 -1 -2
1 -1 1 18 -1 1 123 -1 1 167 -1 18 -1 18 123 -1 18 167 -1 123 -1 123 167 -1 167 -1 -2
18 -1 18 29 -1 18 113 -1 29 -1 29 113 -1 113 -1 -2
50 -1 -2
2 -1 2 50 -1 2 56 -1 2 141 -1 2 188 -1 50 -1 50 56 -1 50 141 -1 50 188 -1 56 -1 56 141 -1 56 188 -1 141 -1 141 188 -1 188 -1 -2
180 -1 -2
6 -1 6 19 -1 6 25 -1 6 75 -1 6 152 -1 19 -1 19 25 -1 19 75 -1 19 152 -1 25 -1 25 75 -1 25 152 -1 75 -1 75 152 -1 152 -1 -2
51 -1 51 186 -1 51 188 -1 186 -1 186 188 -1 188 -1 -2
7 -1 7 76 -1 7 183 -1 76 -1 76 183 -1 183 -1 -2
1 -1 1 8 -1 1 50 -1 1 55 -1 8 -1 8 50 -1 8 55 -1 50 -1 50 55 -1 55 -1 -2
2 -1 2 6 -1 2 24 -1 2 33 -1 2 152 -1 6 -1 6 24 -1 6 33 -1 6 152 -1 24 -1 24 33 -1 24 152 -1 33 -1 33 152 -1 152 -1 -2
6 -1 6 14 -1 6 24 -1 6 44 -1 6 64 -1 6 90 -1 6 139 -1 14 -1 14 24 -1 14 44 -1 14 64 -1 14 90 -1 14 139 -1 24 -1 24 44 -1 24 64 -1 24 90 -1 24 139 -1 44 -1 44 64 -1 44 90 -1 44 139 -1 64 -1 64 90 -1 64 139 -1 90 -1 90 139 -1 139 -1 -2
8 -1 8 45 -1 8 47 -1 8 64 -1 8 121 -1 45 -1 45 47 -1 45 64 -1 45 121 -1 47 -1 47 64 -1 47 121 -1 64 -1 64 121 -1 121 -1 -2
7 -1 7 32 -1 7 50 -1 7 154 -1 32 -1 32 50 -1 32 154 -1 50 -1 50 154 -1 154 -1 -2
97 -1 97 166 -1 166 -1 -2
17 -1 17 50 -1 17 76 -1 17 92 -1 50 -1 50 76 -1 50 92 -1 76 -1 76 92 -1 92 -1 -2
6 -1 6 17 -1 6 19 -1 6 40 -1 6 61 -1 6 95 -1 6 131 -1 17 -1 17 19 -1 17 40 -1 17 61 -1 17 95 -1 17 131 -1 19 -1 19 40 -1 19 61 -1 19 95 -1 19 131 -1 40 -1 40 61 -1 40 95 -1 40 131 -1 61 -1 61 95 -1 61 131 -1 95 -1 95 131 -1 131 -1 -2
14 -1 14 76 -1 76 -1 -2
134 -1 -2
16 -1 16 21 -1 21 -1 -2
14 -1 14 49 -1 14 179 -1 49 -1 49 179 -1 179 -1 -2
70 -1 70 88 -1 88 -1 -2
6 -1 6 33 -1 6 50 -1 6 61 -1 33 -1 33 50 -1 33 61 -1 50 -1 50 61 -1 61 -1 -2
13 -1 13 181 -1 181 -1 -2
29 -1 29 44 -1 29 48 -1 44 -1 44 48 -1 48 -1 -2
162 -1 -2
13 -1 13 21 -1 21 -1 -2
6 -1 6 78 -1 78 -1 -2
1 -1 1 50 -1 50 -1 -2
44 -1 44 74 -1 74 -1 -2
70 -1 70 156 -1 156 -1 -2
32 -1 32 64 -1 64 -1 -2
1 -1 -2
7 -1 7 25 -1 7 97 -1 25 -1 25 97 -1 97 -1 -2
1 -1 1 45 -1 1 172 -1 45 -1 45 172 -1 172 -1 -2
45 -1 45 63 -1 45 166 -1 45 169 -1 63 -1 63 166 -1 63 169 -1 166 -1 166 169 -1 169 -1 -2
88 -1 -2
40 -1 40 78 -1 40 137 -1 78 -1 78 137 -1 137 -1 -2
154 -1 -2
18 -1 18 132 -1 18 189 -1 132 -1 132 189 -1 189 -1 -2
17 -1 17 25 -1 17 48 -1 17 49 -1 25 -1 25 48 -1 25 49 -1 48 -1 48 49 -1 49 -1 -2
1 -1 1 34 -1 1 168 -1 34 -1 34 168 -1 168 -1 -2
2 -1 2 7 -1 2 48 -1 2 169 -1 7 -1 7 48 -1 7 169 -1 48 -1 48 169 -1 169 -1 -2
6 -1 6 7 -1 6 19 -1 6 40 -1 7 -1 7 19 -1 7 40 -1 19 -1 19 40 -1 40 -1 -2
8 -1 8 47 -1 8 48 -1 8 64 -1 8 121 -1 8 133 -1 47 -1 47 48 -1 47 64 -1 47 121 -1 47 133 -1 48 -1 48 64 -1 48 121 -1 48 133 -1 64 -1 64 121 -1 64 133 -1 121 -1 121 133 -1 133 -1 -2
171 -1 171 172 -1 172 -1 -2
9 -1 9 12 -1 9 26 -1 9 34 -1 9 53 -1 9 69 -1 12 -1 12 26 -1 12 34 -1 12 53 -1 12 69 -1 26 -1 26 34 -1 26 53 -1 26 69 -1 34 -1 34 53 -1 34 69 -1 53 -1 53 69 -1 69 -1 -2
76 -1 -2
36 -1 36 70 -1 36 118 -1 36 179 -1 70 -1 70 118 -1 70 179 -1 118 -1 118 179 -1 179 -1 -2
1 -1 1 14 -1 1 29 -1 1 74 -1 1 154 -1 14 -1 14 29 -1 14 74 -1 14 154 -1 29 -1 29 74 -1 29 154 -1 74 -1 74 154 -1 154 -1 -2
33 -1 33 42 -1 33 71 -1 33 80 -1 33 143 -1 33 194 -1 42 -1 42 71 -1 42 80 -1 42 143 -1 42 194 -1 71 -1 71 80 -1 71 143 -1 71 194 -1 80 -1 80 143 -1 80 194 -1 143 -1 143 194 -1 194 -1 -2
8 -1 8 13 -1 8 47 -1 13 -1 13 47 -1 47 -1 -2
1 -1 1 24 -1 1 72 -1 1 111 -1 24 -1 24 72 -1 24 111 -1 72 -1 72 111 -1 111 -1 -2
8 -1 8 49 -1 49 -1 -2
29 -1 29 52 -1 29 108 -1 52 -1 52 108 -1 108 -1 -2
8 -1 -2
32 -1 32 138 -1 32 149 -1 138 -1 138 149 -1 149 -1 -2
21 -1 21 52 -1 52 -1 -2
16 -1 16 65 -1 65 -1 -2
16 -1 -2
49 -1 49 133 -1 133 -1 -2
7 -1 7 19 -1 7 61 -1 19 -1 19 61 -1 61 -1 -2
95 -1 95 156 -1 156 -1 -2
1 -1 1 7 -1 1 52 -1 1 163 -1 7 -1 7 52 -1 7 163 -1 52 -1 52 163 -1 163 -1 -2
6 -1 6 18 -1 6 24 -1 6 121 -1 6 144 -1 6 186 -1 18 -1 18 24 -1 18 121 -1 18 144 -1 18 186 -1 24 -1 24 121 -1 24 144 -1 24 186 -1 121 -1 121 144 -1 121 186 -1 144 -1 144 186 -1 186 -1 -2
7 -1 7 17 -1 7 113 -1 7 171 -1 17 -1 17 113 -1 17 171 -1 113 -1 113 171 -1 171 -1 -2
7 -1 7 13 -1 7 93 -1 13 -1 13 93 -1 93 -1 -2
7 -1 7 45 -1 7 78 -1 7 113 -1 45 -1 45 78 -1 45 113 -1 78 -1 78 113 -1 113 -1 -2
63 -1 63 154 -1 154 -1 -2
14 -1 -2
18 -1 18 40 -1 18 61 -1 18 88 -1 40 -1 40 61 -1 40 88 -1 61 -1 61 88 -1 88 -1 -2
37 -1 37 55 -1 55 -1 -2
1 -1 1 24 -1 1 90 -1 1 191 -1 24 -1 24 90 -1 24 191 -1 90 -1 90 191 -1 191 -1 -2
8 -1 8 47 -1 8 117 -1 47 -1 47 117 -1 117 -1 -2
61 -1 61 105 -1 105 -1 -2
2 -1 2 7 -1 2 14 -1 2 24 -1 2 31 -1 2 45 -1 2 123 -1 7 -1 7 14 -1 7 24 -1 7 31 -1 7 45 -1 7 123 -1 14 -1 14 24 -1 14 31 -1 14 45 -1 14 123 -1 24 -1 24 31 -1 24 45 -1 24 123 -1 31 -1 31 45 -1 31 123 -1 45 -1 45 123 -1 123 -1 -2
2 -1 2 21 -1 2 180 -1 21 -1 21 180 -1 180 -1 -2
19 -1 19 46 -1 19 78 -1 19 89 -1 19 137 -1 46 -1 46 78 -1 46 89 -1 46 137 -1 78 -1 78 89 -1 78 137 -1 89 -1 89 137 -1 137 -1 -2
2 -1 2 129 -1 129 -1 -2
19 -1 19 45 -1 45 -1 -2
7 -1 7 8 -1 7 14 -1 8 -1 8 14 -1 14 -1 -2
9 -1 -2
137 -1 137 187 -1 187 -1 -2
6 -1 6 56 -1 6 80 -1 56 -1 56 80 -1 80 -1 -2
40 -1 40 61 -1 40 167 -1 40 187 -1 61 -1 61 167 -1 61 187 -1 167 -1 167 187 -1 187 -1 -2
25 -1 25 168 -1 168 -1 -2
33 -1 33 113 -1 113 -1 -2
9 -1 9 21 -1 9 137 -1 21 -1 21 137 -1 137 -1 -2
2 -1 2 6 -1 2 24 -1 2 109 -1 2 112 -1 2 162 -1 6 -1 6 24 -1 6 109 -1 6 112 -1 6 162 -1 24 -1 24 109 -1 24 112 -1 24 162 -1 109 -1 109 112 -1 109 162 -1 112 -1 112 162 -1 162 -1 -2
9 -1 9 25 -1 9 29 -1 9 34 -1 9 132 -1 9 189 -1 25 -1 25 29 -1 25 34 -1 25 132 -1 25 189 -1 29 -1 29 34 -1 29 132 -1 29 189 -1 34 -1 34 132 -1 34 189 -1 132 -1 132 189 -1 189 -1 -2
70 -1 70 86 -1 70 124 -1 70 139 -1 86 -1 86 124 -1 86 139 -1 124 -1 124 139 -1 139 -1 -2
1 -1 1 17 -1 1 18 -1 1 123 -1 17 -1 17 18 -1 17 123 -1 18 -1 18 123 -1 123 -1 -2
16 -1 16 190 -1 16 194 -1 190 -1 190 194 -1 194 -1 -2
43 -1 43 50 -1 43 154 -1 50 -1 50 154 -1 154 -1 -2
2 -1 2 9 -1 2 121 -1 2 151 -1 9 -1 9 121 -1 9 151 -1 121 -1 121 151 -1 151 -1 -2
6 -1 6 52 -1 6 53 -1 6 162 -1 52 -1 52 53 -1 52 162 -1 53 -1 53 162 -1 162 -1 -2
2 -1 2 71 -1 2 96 -1 71 -1 71 96 -1 96 -1 -2
13 -1 13 14 -1 13 22 -1 13 46 -1 13 55 -1 13 89 -1 14 -1 14 22 -1 14 46 -1 14 55 -1 14 89 -1 22 -1 22 46 -1 22 55 -1 22 89 -1 46 -1 46 55 -1 46 89 -1 55 -1 55 89 -1 89 -1 -2
6 -1 6 53 -1 6 100 -1 53 -1 53 100 -1 100 -1 -2
7 -1 7 8 -1 7 167 -1 8 -1 8 167 -1 167 -1 -2
94 -1 94 105 -1 94 171 -1 94 172 -1 105 -1 105 171 -1 105 172 -1 171 -1 171 172 -1 172 -1 -2
14 -1 14 24 -1 14 89 -1 14 137 -1 14 163 -1 24 -1 24 89 -1 24 137 -1 24 163 -1 89 -1 89 137 -1 89 163 -1 137 -1 137 163 -1 163 -1 -2
14 -1 14 18 -1 14 41 -1 14 86 -1 14 119 -1 14 124 -1 18 -1 18 41 -1 18 86 -1 18 119 -1 18 124 -1 41 -1 41 86 -1 41 119 -1 41 124 -1 86 -1 86 119 -1 86 124 -1 119 -1 119 124 -1 124 -1 -2
16 -1 16 21 -1 16 32 -1 16 35 -1 16 74 -1 16 91 -1 21 -1 21 32 -1 21 35 -1 21 74 -1 21 91 -1 32 -1 32 35 -1 32 74 -1 32 91 -1 35 -1 35 74 -1 35 91 -1 74 -1 74 91 -1 91 -1 -2
19 -1 19 22 -1 19 154 -1 22 -1 22 154 -1 154 -1 -2
8 -1 8 49 -1 8 139 -1 49 -1 49 139 -1 139 -1 -2
196 -1 -2
29 -1 29 50 -1 29 51 -1 50 -1 50 51 -1 51 -1 -2
7 -1 7 45 -1 45 -1 -2
1 -1 1 21 -1 1 22 -1 21 -1 21 22 -1 22 -1 -2
7 -1 7 16 -1 7 33 -1 7 41 -1 7 65 -1 7 134 -1 16 -1 16 33 -1 16 41 -1 16 65 -1 16 134 -1 33 -1 33 41 -1 33 65 -1 33 134 -1 41 -1 41 65 -1 41 134 -1 65 -1 65 134 -1 134 -1 -2
55 -1 55 98 -1 98 -1 -2
12 -1 12 16 -1 12 21 -1 12 44 -1 12 112 -1 16 -1 16 21 -1 16 44 -1 16 112 -1 21 -1 21 44 -1 21 112 -1 44 -1 44 112 -1 112 -1 -2
48 -1 48 180 -1 180 -1 -2
13 -1 -2
186 -1 -2
35 -1 35 91 -1 35 131 -1 91 -1 91 131 -1 131 -1 -2
7 -1 7 8 -1 7 37 -1 7 47 -1 7 49 -1 8 -1 8 37 -1 8 47 -1 8 49 -1 37 -1 37 47 -1 37 49 -1 47 -1 47 49 -1 49 -1 -2
2 -1 2 45 -1 45 -1 -2
8 -1 8 18 -1 8 123 -1 8 189 -1 18 -1 18 123 -1 18 189 -1 123 -1 123 189 -1 189 -1 -2
164 -1 -2
9 -1 9 29 -1 9 88 -1 29 -1 29 88 -1 88 -1 -2
171 -1 -2
2 -1 2 89 -1 2 117 -1 2 134 -1 2 137 -1 2 198 -1 89 -1 89 117 -1 89 134 -1 89 137 -1 89 198 -1 117 -1 117 134 -1 117 137 -1 117 198 -1 134 -1 134 137 -1 134 198 -1 137 -1 137 198 -1 198 -1 -2
98 -1 -2
9 -1 9 12 -1 9 29 -1 9 55 -1 9 108 -1 12 -1 12 29 -1 12 55 -1 12 108 -1 29 -1 29 55 -1 29 108 -1 55 -1 55 108 -1 108 -1 -2
7 -1 7 14 -1 14 -1 -2
26 -1 26 40 -1 26 91 -1 40 -1 40 91 -1 91 -1 -2
8 -1 8 36 -1 8 47 -1 8 121 -1 8 176 -1 8 187 -1 36 -1 36 47 -1 36 121 -1 36 176 -1 36 187 -1 47 -1 47 121 -1 47 176 -1 47 187 -1 121 -1 121 176 -1 121 187 -1 176 -1 176 187 -1 187 -1 -2
16 -1 16 50 -1 16 93 -1 50 -1 50 93 -1 93 -1 -2
29 -1 29 34 -1 29 42 -1 29 53 -1 29 144 -1 34 -1 34 42 -1 34 53 -1 34 144 -1 42 -1 42 53 -1 42 144 -1 53 -1 53 144 -1 144 -1 -2
14 -1 14 49 -1 14 88 -1 49 -1 49 88 -1 88 -1 -2
17 -1 17 164 -1 164 -1 -2
6 -1 6 43 -1 6 168 -1 43 -1 43 168 -1 168 -1 -2
1 -1 1 36 -1 36 -1 -2
8 -1 8 18 -1 8 123 -1 8 162 -1 8 169 -1 18 -1 18 123 -1 18 162 -1 18 169 -1 123 -1 123 162 -1 123 169 -1 162 -1 162 169 -1 169 -1 -2
8 -1 8 18 -1 8 33 -1 8 47 -1 8 121 -1 8 189 -1 18 -1 18 33 -1 18 47 -1 18 121 -1 18 189 -1 33 -1 33 47 -1 33 121 -1 33 189 -1 47 -1 47 121 -1 47 189 -1 121 -1 121 189 -1 189 -1 -2
32 -1 -2
22 -1 22 43 -1 43 -1 -2
7 -1 7 13 -1 7 14 -1 7 17 -1 7 22 -1 7 63 -1 7 73 -1 7 98 -1 13 -1 13 14 -1 13 17 -1 13 22 -1 13 63 -1 13 73 -1 13 98 -1 14 -1 14 17 -1 14 22 -1 14 63 -1 14 73 -1 14 98 -1 17 -1 17 22 -1 17 63 -1 17 73 -1 17 98 -1 22 -1 22 63 -1 22 73 -1 22 98 -1 63 -1 63 73 -1 63 98 -1 73 -1 73 98 -1 98 -1 -2